# Number of parameters = 641 Objective function value = 255058.  Maximum gradient component = 346147.
# MEst:
 0.378123 0.124727 0.0814819
# log_gam_a:
 2.25768e-006 0.866796 2.87967
# log_gam_b:
 0.274261 4.27566 -2.71590
# Q_other_est[1]:
 2.38846 9.75379 7.39827 6.44237 6.26084 5.85351 5.76310 5.26546 4.99145 4.57931 4.31089 4.22655 3.98269 4.04991 -7.41254 3.81955
# Q_other_est[2]:
 6.12466 15.6081 15.6058 15.5368 15.4685 15.4465 15.4942 15.3924 15.3676 15.3442 15.3359 15.3310 15.3566 15.3570 15.4180 15.0395
# Q_other_est[3]:
 0.893465 6.90852 6.64536 6.64199 6.46008 5.98434 6.07736 5.12404 4.74100 4.95399 4.68644 5.00289 4.54878
# logH_1:
 -7.81971 -9.01856 -8.99699 -4.21242 -7.22843 -7.33748 -8.83361 -13.6085 -8.78479 -7.09139 -6.94452 -5.31006
# logH_1a:
 -112.311 -434.180 113.165
# logH_1b:
 207.187 402.082 -757.413
# logH_2:
 -45.2995 3.72867 11.9639 2.31373 -94.1257 17.2754 1.54961 -40.2259 6.22542
# logH_3:
 -9.00000 -9.00000 -9.00000 -9.00000 -9.00000 -9.00000 -9.00000 -9.00000 -9.00000
# H_4:
 1.00000 1.00000 1.00000 1.00000 1.00000 1.00000 1.00000 1.00000 1.00000
# steepness:
 0.700000 0.800000 1.00000
# log_Rzero:
 13.0304 8.11554 3.30008
# rec_dev:
 -0.535967 0.135487 -0.198330 -0.848187 0.0770315 -0.258282 -0.506973 -0.0645979 -0.548848 -0.0630110 -1.24481 -0.319495 -0.268068 -0.984024 -0.349552 -0.512444 -0.641653 -1.00959 -0.993829 -0.367105 0.242501 0.0772397 -0.828714 -1.01586 -1.14290 -0.751706 -0.823041 -0.790292 -0.706325 -0.719149 -0.969829 -1.06044 -1.14076 -1.76376 -1.91772 -1.39903 -0.348964 -0.706988 0.421053 -1.20535 0.286251 0.378428 -0.264239 0.231311 -0.0368402 0.298243 -1.58917 -0.381461 -1.44415 0.190123 -1.01233 -0.523018 0.168943 -0.303382 -0.446321 -0.336301 -0.498570 -0.296387 -0.700658 -0.266167 0.315296 0.0728582 -0.161733 -0.466971 0.0259162 -0.150591 0.0102517 0.251680 0.604283 0.179008 -0.0964414 0.256984 -1.06843 -1.26704 -0.433485 0.885450 0.819933 -0.415051 -0.388711 -0.103293 -0.238173 -0.257630 -0.201978 -0.516090 -0.0322487 0.934039 -0.196011 -0.634617 -0.317786 0.228024 0.0156070 0.612469 -0.305933 0.165243 -0.336732 -0.956553 0.306410 0.373837 -0.0777563 -0.0603939 0.0580700 -0.765593 -0.0392504 0.0109116 -0.597894 -0.243788 0.0955634 -0.130947 0.0165587 -0.749497 -0.456454 -1.04230 -0.545560 -0.716659 -0.451295 -1.22241 -0.366663
# log_sigmar:
 -0.693147 -0.510826 -0.693147
# log_selcoffs_fsh:
 -9.91306 -7.61840 -5.49066 -3.49515 -1.73992 -0.428456 0.248751 0.554226 0.420368 0.595498 0.856453 0.860122 -6.46977 -4.71096 -2.96527 -1.53146 0.446669 0.752938 0.688958 0.513989 0.276485 0.0802051 -7.44900 -5.08680 -3.13779 -1.72624 -0.387985 0.614443 0.848660 0.668920 0.463093 0.214998 -8.23103 -6.06285 -3.89594 -1.96130 -0.837332 -0.321208 0.594614 1.08651 0.884656 0.450581 -8.36662 -6.33457 -4.31387 -2.23628 -0.787771 0.356741 0.848935 0.541078 0.750304 0.648838 -8.41940 -6.30243 -4.27350 -2.30334 -0.474619 0.347034 0.612141 0.626527 0.774556 0.695215 -8.32356 -5.57119 -2.98545 -1.24820 -0.376237 0.293298 0.553486 0.475208 0.578622 0.930011 -7.96901 -5.13098 -2.48692 -0.644166 0.145934 0.233107 -0.0486631 0.0226968 0.443167 1.25148 -7.89779 -5.48781 -3.31967 -1.19606 -0.239367 -0.150275 0.552081 0.787211 0.899961 0.532027 -7.10875 -5.29993 -3.38594 -1.82132 -0.986347 -0.424951 0.313610 0.972018 0.937305 0.808403 -7.55949 -4.98756 -2.81808 -1.74996 -0.852860 -0.244302 -0.0220386 0.713895 1.09950 0.957782 -6.44774 -4.79105 -3.21946 -1.80813 -0.498454 0.374987 0.379177 0.432828 0.752402 1.01109 -5.56173 -4.56365 -3.24733 -1.35637 0.0799417 0.305307 -0.0376709 0.324979 0.656602 1.10786 -6.02573 -4.57101 -2.84362 -1.44196 -0.756153 0.531652 0.741636 0.0841529 0.463895 0.953539 -5.80951 -4.44895 -3.17156 -2.09565 -1.21337 -0.302413 0.326450 0.801379 1.07046 0.775297 -5.73026 -4.29120 -2.87267 -1.72712 -1.00551 -0.421323 0.417484 0.759720 0.907964 0.931638 -5.78388 -4.44689 -2.89274 -1.40774 -0.815489 0.230247 0.430534 0.645841 0.440891 1.08954 -6.37634 -4.02231 -2.41659 -0.880058 0.192273 0.0794207 0.000517529 0.482460 0.565444 1.05341 -6.89338 -5.00584 -2.97005 -1.05303 0.0448809 0.372396 0.249267 0.358141 0.905103 0.704852 -6.71322 -4.67279 -2.83702 -1.48750 -0.875043 -0.411644 0.667632 1.16695 0.695421 0.570953 -6.78513 -4.56514 -2.79720 -1.08663 0.113426 0.391113 0.560172 0.315012 0.571062 0.731545 -7.10909 -4.44646 -2.56727 -0.705320 0.206990 0.121657 0.136600 0.194371 0.422717 1.16452 -6.76682 -4.56357 -2.56361 -0.550122 0.798201 0.658386 0.421121 0.176883 0.0207183 0.381274 -7.46306 -5.37745 -3.07529 -1.00235 0.103590 0.795607 0.905109 0.149190 0.375677 0.136026 -7.38990 -5.40205 -3.53449 -1.99505 -0.199529 0.977883 0.894738 0.575584 0.235389 -0.210179 -7.08799 -5.20493 -3.36080 -1.67185 -0.286600 0.593411 0.893860 0.765866 0.420526 0.0949424 -3.50548 -2.83605 -2.40116 -1.80691 -0.662093 0.110417 0.475877 0.803686 1.00388 0.399910 -4.83859 -3.44818 -2.35137 -1.53092 -0.581779 0.259159 0.563104 1.00872 0.691762 0.256099 -4.89063 -3.60433 -2.31616 -1.06596 -0.0572498 0.606007 0.779259 0.772512 0.348655 -0.0189615
# log_q_srv[1]:
0.00000000000
# log_q_srv[2]:
0.00000000000
# log_q_srv[3]:
0.00000000000
# log_selcoffs_srv:
 -12.4669403825 -8.18638861543 -4.41784119845 -1.39617158482 -0.620228276078 -0.628771602304 -0.569447696731 -0.387181374776 0.682290848683 1.69874859908 -6.37768207279 -4.06190279345 -1.32881595556 0.0851758240626 0.419457165082 0.436240350387 0.176662799748 0.169698396926 0.462649930889 0.464875524199 -2.50205386914 -1.26202024921 -0.192505119912 0.457230045412 0.719615957448 0.714635168983 0.273489421837 0.0525785582340 -0.582111049312 -1.53147924792
# fmort_dev_est:
 -0.880690854067 0.728178301430 0.789922700298 0.804030568468 0.833379082175 -0.248657805233 -2.33335992756 -2.51727657401 -1.25390574797 -2.74979004280 0.411791428966 -2.56406215189 0.374697614355 1.04578048354 0.212985742776 2.56660828444 2.15553619084 2.73902753708 3.11007182960 -0.340109938411 -0.0480884390941 -0.619160615982 -1.15329125938 -1.05928164742 -0.156938852109 -0.0940847969262 -0.0129771815376 -0.592703594176 -1.24866397821 0.221654834718 0.777782421111 0.304705427241 0.763122197388 0.489412293953 -0.407629198698 -0.394155167752 -0.578879001427 -0.132322210343 0.258830830933 0.314705428786 0.373580492364 0.385906030653 0.324596110500 0.0415360674103 0.410135891147 -0.166310217994 0.168004799361 -0.324189447844 -0.708007900614 -0.743559472080 -0.654589414159 -0.676325631808 -0.937461382116 -1.22260525757 -1.13040159159 -0.302544395456 -1.31052058866 -1.40042174772 -0.999396612300 -1.76696241760 -0.207144608650 0.163860654665 0.0400915848800 -0.216778781213 0.591980242134 0.462075023460 0.804134983870 0.766219734646 1.39166376226 1.33301410559 2.61878236858 3.40865170128 -5.83888589028 -1.28041281776 -2.31916093229 -2.74545949801 -3.85669612304 2.23998171117 3.07779168288 -0.465126179600 1.56561593284 3.13727957931 1.15721452187 1.02744470902 3.30884027135 3.30590800284 1.96603417327 -1.77111520858 -2.50910593895 -1.89997170714 -1.39805422926 -1.70192573796 -1.15794697445 -1.17319140729 -7.77714410497 -4.60006767891 -2.76320845647 -2.05457271878 -1.37681496223 0.308455066301 2.37379308920 2.22346932476 1.42357533192 1.13388084636 1.38399945682 1.69092257164 2.44532734537 1.93439553611 3.15439826158 3.50785896007 2.21538713590 2.11278756042
# log_avg_fmort:
 -3.33709222119 -1.30244156056 -3.06081947097 -7.06849352467 -4.95926850029
# dummy:
0.00000000000
# dummy2:
0.00000000000
