# Number of parameters = 641 Objective function value = 255609.  Maximum gradient component = 1352.96
# MEst:
 0.370927 0.112249 0.0730531
# log_gam_a:
 5.64597e-005 0.967846 2.89039
# log_gam_b:
 0.171001 1.46050 -2.72425
# Q_other_est[1]:
 12.8581 21.2478 21.1063 20.9044 20.8631 20.9199 20.8977 20.9629 20.1056 20.1188 20.0685 19.8635 20.0784 19.5762 19.7582 19.6350
# Q_other_est[2]:
 0.515436 16.2072 16.2655 16.2328 16.0806 15.9808 16.0032 15.9226 15.8723 15.7826 15.7729 15.7472 15.7334 15.7289 15.7195 15.6671
# Q_other_est[3]:
 1.10097 5.68154 5.43628 5.37273 5.42874 4.74699 4.99663 4.08158 3.65736 3.43558 3.68109 3.87067 3.43164
# logH_1:
 -7.86678 -9.30010 -9.47494 -20.1673 -6.80098 -7.22206 -7.64757 -14.2235 -8.46744 -6.89929 -6.92709 -4.00520
# logH_1a:
 -213.179 92.4292 -86.6437
# logH_1b:
 289.842 -608.787 -45.1105
# logH_2:
 -48.9203 3.50381 18.1840 1.85073 -1.28172 85.2357 1.94032 -18.5946 2.54020
# logH_3:
 -9.00000 -9.00000 -9.00000 -9.00000 -9.00000 -9.00000 -9.00000 -9.00000 -9.00000
# H_4:
 1.00000 1.00000 1.00000 1.00000 1.00000 1.00000 1.00000 1.00000 1.00000
# steepness:
 0.700000 0.800000 1.00000
# log_Rzero:
 12.6733 8.20356 3.83548
# rec_dev:
 0.729596 -0.786264 0.414610 0.316669 0.101110 -0.0221026 -0.413133 0.757188 -0.197704 -1.19468 -0.949457 -0.329933 0.257674 -0.346665 0.334092 0.542194 -0.0991306 -0.574822 -0.619055 -0.0582729 0.494962 0.305069 -0.462866 -0.680992 -0.777159 -0.419619 -0.473388 -0.456239 -0.362783 -0.436374 -0.661126 -0.705359 -0.910759 -1.82678 -1.61340 -1.09711 -0.0149134 -0.526843 0.689562 -1.16698 -1.00754 0.636293 -0.113343 0.174854 -0.201906 0.154817 -1.65572 -1.07483 0.425738 -0.420720 -1.01159 -0.883810 -0.419321 -0.377080 -0.458082 -0.184284 -0.460180 -0.334289 -0.907639 -0.495571 -0.00178840 -0.150483 -0.443527 -0.587991 -0.101354 -0.172635 -0.212753 0.107136 0.287794 0.0675926 -0.0905931 0.0336889 -0.863724 -1.03499 -0.526437 0.524128 0.496699 -1.07406 -0.420419 -0.485956 -0.0949917 -0.467406 -0.476091 -0.970197 0.257630 -0.259418 0.401156 -0.702120 -0.579942 -0.317392 0.347679 -0.237631 -0.0909109 -0.128741 -0.459668 -0.786172 0.110950 0.133567 -1.54000 -0.0922628 -0.000148731 -0.588807 0.102847 0.182010 -0.406422 0.0829003 0.281832 0.0659781 0.219101 -0.221330 -0.263441 -0.679371 -0.305964 -0.00708508 0.0582550 -1.53332 -0.976266
# log_sigmar:
 -0.693147 -0.510826 -0.693147
# log_selcoffs_fsh:
 -9.91982 -7.76108 -5.55789 -3.46542 -1.77648 -0.430324 0.341322 0.531721 0.377800 0.648724 0.807772 0.887658 -5.99803 -4.89475 -3.58715 -1.55894 -0.460119 0.124961 0.376173 0.643077 0.804505 0.872287 -7.00258 -5.24268 -3.13097 -1.61117 -0.869722 -0.165891 0.00810357 0.898445 0.998983 0.836968 -7.70903 -5.66912 -3.58549 -1.92021 -0.739924 -0.198988 0.417661 0.787234 0.913338 0.845650 -7.19235 -5.45633 -3.98815 -2.19107 -0.609165 0.312530 0.556529 0.483065 0.840361 0.818180 -6.86026 -5.42298 -3.69203 -1.79481 -0.850861 0.318261 0.580016 0.982832 0.623685 0.519106 -7.83960 -5.27473 -2.76987 -1.09545 -0.542056 0.130343 0.714741 0.590302 0.736118 0.658256 -8.23851 -5.58196 -2.79768 -0.512312 0.180682 0.263637 0.610725 0.656164 0.300473 0.541223 -7.48607 -4.90409 -2.95861 -1.39174 -0.511872 -0.00239225 0.295516 0.667723 0.708741 1.02031 -7.32653 -5.40060 -3.37871 -1.45194 -0.551773 0.251677 0.338131 -0.0460158 0.494962 1.35282 -5.86556 -4.19179 -2.69398 -0.900543 -0.0396302 0.517153 0.122190 0.515043 0.583830 0.821646 -6.14151 -4.45986 -2.90833 -1.54395 -0.348767 0.454920 0.606928 0.590489 0.638204 0.640514 -6.55770 -4.29508 -2.62950 -1.27092 0.346399 0.413759 -0.0657748 0.115972 0.787860 0.890887 -7.08776 -5.27012 -3.51350 -1.68931 -0.123611 0.648013 0.424166 0.254950 0.468843 0.943576 -6.42530 -4.70596 -3.11442 -1.81419 -0.864109 0.0463888 0.211895 0.542794 0.844383 1.10533 -6.22441 -4.39439 -2.72908 -1.44269 -0.706021 -0.382330 0.450788 0.442436 0.852056 1.11391 -6.57368 -4.36392 -2.70909 -1.81415 -0.604928 0.387930 0.384801 0.278962 0.761262 1.03033 -7.02422 -4.86922 -2.83962 -1.29354 -0.0651561 0.158137 0.0666644 0.399275 0.673116 1.11140 -6.96736 -4.90666 -2.79201 -1.15946 -0.303661 0.228083 0.515999 0.660193 0.618226 0.771307 -6.09401 -4.02725 -2.13437 -0.854242 -0.521502 -0.338344 -0.0456058 0.672044 0.985569 0.926410 -5.88196 -4.09454 -2.65057 -1.53775 -0.597860 0.259581 0.589750 0.687968 0.563419 0.833648 -6.96874 -4.72378 -2.21927 -0.566076 -0.00993795 0.430225 0.572302 0.122387 0.511969 0.796598 -7.40923 -5.65090 -3.41671 -1.25497 -0.272994 0.308342 0.396741 0.0387062 0.788789 1.04058 -8.66544 -6.62466 -4.25518 -1.59478 -0.570257 0.0381719 0.454453 0.924781 0.936948 0.422061 -8.33239 -6.45636 -4.67804 -3.05891 -1.25741 -0.719548 0.467914 0.912817 0.969987 0.889425 -8.04870 -6.32144 -4.65505 -3.12409 -1.77618 -0.621216 0.251965 0.811354 1.04276 1.05261 -4.77237 -3.35919 -2.47685 -1.61213 -0.445726 0.283883 0.597938 0.786737 0.625005 0.604995 -5.64282 -3.97238 -2.55617 -1.63615 -0.579779 0.328429 0.718749 0.892739 0.642001 0.311017 -4.51708 -3.47326 -2.38907 -1.32113 -0.176155 0.426439 0.865409 0.682709 0.580378 0.0934035
# log_q_srv[1]:
0.00000000000
# log_q_srv[2]:
0.00000000000
# log_q_srv[3]:
0.00000000000
# log_selcoffs_srv:
 -11.2243748716 -7.55177804436 -4.41080530400 -1.84467752393 -0.621609112349 -0.433973012527 -0.478681572299 -0.0275719788791 0.676233739452 1.62727143384 -6.93753706846 -4.11161294856 -1.27003542921 -0.00268475221733 0.373028997072 0.384852551725 0.251721080183 0.346480064672 0.610514990078 0.215879076896 -3.09152125823 -1.21544986867 -0.00844408582234 0.467038276877 0.773141142613 0.509179942538 0.269926347205 0.0633569008396 -0.572104950931 -1.14400676979
# fmort_dev_est:
 -1.17166630178 0.429217245218 0.539122003068 0.592100179631 0.561635289407 -0.501631985604 -2.47366263530 -2.59866374166 -1.26706683674 -2.77342963059 0.427734699227 -2.56614080235 0.398155992333 1.09577577517 0.255772939143 2.60324424572 2.27169531218 2.65447150464 3.17362059404 -0.0676748445657 0.254874208487 -0.336133251454 -0.806915419296 -0.693267405093 0.546907758938 0.380282960860 -0.100032945248 -0.622346827178 -1.50264694990 -0.255858585566 -0.101199797220 0.279152128792 0.658408586861 -0.532116089075 -1.06941873571 -0.901518751138 -0.836226975549 -0.154469605759 0.122863914737 -0.0866929969038 0.251505359164 0.364268013965 0.371751747872 0.0866202269884 0.143042125176 0.446084717514 0.696762776860 0.946607827522 0.874615694555 -0.944411397282 -0.854961922252 -0.876665150638 -1.02950903172 -1.17244130407 -0.992190264920 -0.304800530264 -1.22561856169 -1.43093480235 -0.967939209882 -1.65766265624 -0.139331811316 0.154738521481 0.0864097124261 -0.153869730844 0.595480690014 0.514579292180 0.797926508385 0.663004807819 1.55779189128 1.46215770862 2.53789404057 3.36928932189 -5.71855218338 -1.19849891956 -2.24699730883 -2.76435784723 -3.81410415928 2.29528005102 3.10824369126 -0.409174023038 1.57294504749 3.13982874679 1.15174756145 0.966000313001 3.18749204454 3.22499693489 1.92510727900 -1.80161596401 -2.61080154537 -2.21265958753 -1.54714081899 -1.85033915293 -1.13590869129 -1.12374707532 -7.64097768649 -4.50768728979 -2.68089085011 -2.03869283242 -1.31477078874 0.345408470088 2.34233655103 2.23267020330 1.48398641839 1.13887009884 1.39867551599 1.68272117607 2.36822037887 1.85903663379 3.27789046287 3.61211852934 2.21155668945 2.09785902885
# log_avg_fmort:
 -3.41265653541 -1.00902147795 -3.07376287861 -7.00989601193 -4.94607356874
# dummy:
0.00000000000
# dummy2:
0.00000000000
