###############################################################################
#### Title: Dat file for ms
#### Filename: ms.dat
#### Date: 2015-07-18
#### Author: Kelli Faye Johnson
###############################################################################

#### Debug
# 0 = Off; 1+ levels
0

#### Pin
# Read from pin file if > 0, else read from dat file only
0

#### Phase
# Reset all phases to zero, 1 overrides phases (ResetPhasesToZero)
0
# Initial phase, usually 1 (Initial_phase)
1
# Last phase of calculation (Terminal_phase)
15

#### Predation
# Without (0) with (>0) predation (with_pred)
1

#### Functional response
# predator functional response (resp_type)
2

#### Setup
# First and last years (styr, endyr)
1979 2003
# Number of species (nspp)
# species names
# poll%mack%cod
3
# composition data ages (1) or lengths (2)
# (comp_type)
1 1 2
# Lowest age-class (by species) (rec_age)
# 0 0 0
# Oldest age-class (by species) (oldest_age)
15 15 12
# Number of length bins (l_bins)
16 13 24
# Number of fleets per species (nfsh_spp)
1 1 3
# Species for each fleet (spp_fsh)
1 2 3 3 3

#### Fishery catch
# catch_bio: Catch Biomass (1000t)
# pollock (Table 1A.4, pg 859 of 2003 SAFE Assessment, column NRA w/o E)
6.383 31.029 22.972 19.993 17.224 6.3 0.87 0.704 2.72 0.574 0.0 10.462 0.554 8.515 16.15 5.969 57.991 23.039 25.795 23.34 0.606 0.908 0.571 0.318 0.3
# mackerel (Table 15.1, pg 742 of 2003 SAFE Assessment, column BSAI)
23.264 20.488 19.688 19.874 11.726 36.055 37.86 31.99 30.061 22.084 17.994 22.205 26.74 50.035 65.737 69.59 81.554 103.943 65.845 58.31 56.231 47.227 61.612 45.594 60.0
# cod.trawl (Table 2.1b, pg 152 of 2003 SAFE Assessment, foreign+JV+domestic)
0 0 7.173 7.921 8.028 7.177 6.108 6.904 13.097 4.998 4.239 6.932 3.414 14.558 17.312 14.382 10.574 21.179 17.349 20.531 16.437 20.362 15.826 27.929 27.706
# cod.pot (Table 2.1b, pg 152 of 2003 SAFE Assessment, domestic pots)
0 0 0 0 0 0 0 0.001 0.088 0.03 0.019 0.007 3.18 6.317 0 0.147 1.024 4.611 0.575 0.424 3.75 3.107 0.544 0.007 0.001
# cod.longline (Table 2.1b, pg 152 of 2003 SAFE Assessment, foreign+domestic)
0 0 0.261 0.476 0.402 0.804 0.829 0.001 0.022 0.137 0.284 0.602 3.203 22.108 16.86 7.009 4.935 5.819 7.151 13.771 7.874 16.183 17.817 2.865 0.942
# wt_fsh (pollock) (Table 1A.6 pg 860 of 2003 SAFE Assessment, starting 1979)
0 0.0 0.231427574 0.347582456 0.529292842 0.730646545 0.672683296 0.825035361 0.94354256 0.953150997 1.038098468 1.163848924 1.059772607 1.518558267 1.578840968 1.020588169
0 0.0 0.239236365 0.552588542 0.765126673 0.841229073 0.862929275 0.912856259 1.000234605 1.088977473 1.062840287 1.020429454 1.156808016 1.101892717 0.852054497 1.524232447
0 0.0 0.0 0.477806178 0.552104777 0.728620244 0.763716495 0.781740889 0.80962466 0.89533398 0.90209715 0.859815537 1.019919523 1.025903138 0.892917275 0.907931477
0 0.0 0.0 0.417916257 0.541372647 0.643631715 0.783820793 0.821999891 0.841650607 0.892089623 0.984183869 1.001088653 0.957527911 0.954594143 0.905790623 0.966036104
0 0.0 0.0 0.417916257 0.541372647 0.733333459 0.779637949 0.79541688 0.926441599 0.957375508 1.014598131 0.902409789 0.957527911 0.954594143 0.973962563 0.966036104
0 0.0 0.426016046 0.445904784 0.670549478 0.741947836 0.809931471 0.872081505 0.967956403 0.996316897 1.270393702 1.643058148 1.135090812 1.221160813 0.973962563 0.966036104
0 0.0 0.467489462 0.565627894 0.670549478 0.689561425 0.802837309 0.853564181 0.856702835 1.090946791 1.233008932 1.599646815 1.664430831 1.221160813 1.64477114 1.093457593
0 0.0 0.0 0.51142268 0.601940895 0.747175625 0.826579436 0.86977936 0.950563553 0.92659715 1.013667355 0.942849175 1.070207431 0.896337794 1.64477114 1.093457593
0 0.0 0.0 0.51142268 0.685171157 0.756159963 0.833463622 0.850378116 0.871524635 0.980871686 1.072453177 0.991507962 1.337923253 1.154569212 1.006460237 1.093457593
0 0.0 0.0 0.473601088 0.685171157 0.80134 0.790483659 0.820771959 0.927922207 0.888269571 0.983871136 0.893286963 0.784312991 0.722258386 0.897618754 1.062148464
0 0.0 0.339189115 0.473601088 0.660858204 0.753562434 0.85101982 0.926029908 0.992659204 1.061127858 1.110591497 1.150075127 1.189254164 1.149597825 1.19428536 1.139953534
0 0.0 0.0 0.477806178 0.552104777 0.728620244 0.763716495 0.781740889 0.80962466 0.89533398 0.90209715 0.859815537 1.019919523 1.025903138 0.892917275 0.907931477
0 0.0 0.0 0.477806178 0.666787314 0.65507123 0.798859251 0.961988405 1.075505517 1.173120052 1.099445084 1.217694376 1.157325805 1.095515077 1.28975573 1.085591544
0 0.0 0.0 0.477806178 0.640066546 0.741779296 0.725444441 0.797034166 0.935637176 1.245656248 1.026724589 1.003362397 1.250130981 1.145099914 1.051422263 1.097572255
0 0.0 0.0 0.551226465 0.886178481 0.823728347 1.033495235 1.031524133 1.139881318 1.080791061 1.163774842 1.190529239 1.202739427 1.325579312 1.137291525 1.135234176
0 0.0 0.0 0.551226465 0.637265466 0.84371317 0.974292759 1.136056196 1.139976535 1.121560264 1.190699266 1.243685658 1.265922421 1.059132835 1.090043082 1.151654501
0 0.0 0.0 0.551226465 0.847145491 0.84371317 1.1264452 1.33033976 1.397178045 1.355091156 1.433282614 1.419679818 1.500951121 1.44657268 1.658206348 1.320576262
0 0.0 0.0 0.539091385 0.475276694 0.930106777 1.028703564 1.179637768 1.275064271 1.394543109 1.468180287 1.354824424 1.377744955 1.361895368 1.456201635 1.30125768
0 0.0 0.0 0.471038318 0.619167273 0.834941814 1.005650386 1.118583879 1.180037665 1.323893179 1.390939617 1.418723917 1.328098012 1.331537728 1.407934701 1.376747606
0 0.0 0.0 0.402985251 0.763057853 0.739776852 0.982597208 1.057529991 1.085011058 1.25324325 1.313698947 1.482623411 1.278451068 1.301180088 1.359667766 1.452237532
0 0.0 0.0 0.402985251 0.763057853 0.739776852 0.982597208 1.057529991 1.085011058 1.25324325 1.313698947 1.482623411 1.278451068 1.301180088 1.359667766 1.452237532
0 0.0 0.0 0.402985251 0.763057853 0.739776852 0.982597208 1.057529991 1.085011058 1.25324325 1.313698947 1.482623411 1.278451068 1.301180088 1.359667766 1.452237532
0 0.0 0.0 0.402985251 0.763057853 0.739776852 0.982597208 1.057529991 1.085011058 1.25324325 1.313698947 1.482623411 1.278451068 1.301180088 1.359667766 1.452237532
0 0.0 0.0 0.402985251 0.763057853 0.739776852 0.982597208 1.057529991 1.085011058 1.25324325 1.313698947 1.482623411 1.278451068 1.301180088 1.359667766 1.452237532
0 0.0 0.0 0.402985251 0.763057853 0.739776852 0.982597208 1.057529991 1.085011058 1.25324325 1.313698947 1.482623411 1.278451068 1.301180088 1.359667766 1.452237532
# Fishery wt_fsh (mackerel) (Table 15.6, pg 746 of 2003 SAFE Assessment)
0 0.1 0.1848 0.3982 0.5493 0.6562 0.7318 0.7853 0.8232 0.85 0.869 0.8824 0.8919 0.8986 0.9034 0.9068
0 0.1 0.1848 0.3982 0.5493 0.6562 0.7318 0.7853 0.8232 0.85 0.869 0.8824 0.8919 0.8986 0.9034 0.9068
0 0.1 0.1848 0.3982 0.5493 0.6562 0.7318 0.7853 0.8232 0.85 0.869 0.8824 0.8919 0.8986 0.9034 0.9068
0 0.1 0.1848 0.3982 0.5493 0.6562 0.7318 0.7853 0.8232 0.85 0.869 0.8824 0.8919 0.8986 0.9034 0.9068
0 0.1 0.1848 0.3982 0.5493 0.6562 0.7318 0.7853 0.8232 0.85 0.869 0.8824 0.8919 0.8986 0.9034 0.9068
0 0.1 0.1848 0.3982 0.5493 0.6562 0.7318 0.7853 0.8232 0.85 0.869 0.8824 0.8919 0.8986 0.9034 0.9068
0 0.1 0.1848 0.3982 0.5493 0.6562 0.7318 0.7853 0.8232 0.85 0.869 0.8824 0.8919 0.8986 0.9034 0.9068
0 0.1 0.1848 0.3982 0.5493 0.6562 0.7318 0.7853 0.8232 0.85 0.869 0.8824 0.8919 0.8986 0.9034 0.9068
0 0.1 0.1848 0.3982 0.5493 0.6562 0.7318 0.7853 0.8232 0.85 0.869 0.8824 0.8919 0.8986 0.9034 0.9068
0 0.1 0.1848 0.3982 0.5493 0.6562 0.7318 0.7853 0.8232 0.85 0.869 0.8824 0.8919 0.8986 0.9034 0.9068
0 0.1 0.1848 0.3982 0.5493 0.6562 0.7318 0.7853 0.8232 0.85 0.869 0.8824 0.8919 0.8986 0.9034 0.9068
0 0.1 0.1848 0.3982 0.5493 0.6562 0.7318 0.7853 0.8232 0.85 0.869 0.8824 0.8919 0.8986 0.9034 0.9068
0 0.1 0.1848 0.3982 0.5493 0.6562 0.7318 0.7853 0.8232 0.85 0.869 0.8824 0.8919 0.8986 0.9034 0.9068
0 0.1 0.1848 0.3982 0.5493 0.6562 0.7318 0.7853 0.8232 0.85 0.869 0.8824 0.8919 0.8986 0.9034 0.9068
0 0.1 0.1848 0.3982 0.5493 0.6562 0.7318 0.7853 0.8232 0.85 0.869 0.8824 0.8919 0.8986 0.9034 0.9068
0 0.1 0.1848 0.3982 0.5493 0.6562 0.7318 0.7853 0.8232 0.85 0.869 0.8824 0.8919 0.8986 0.9034 0.9068
0 0.1 0.1848 0.3982 0.5493 0.6562 0.7318 0.7853 0.8232 0.85 0.869 0.8824 0.8919 0.8986 0.9034 0.9068
0 0.1 0.1848 0.3982 0.5493 0.6562 0.7318 0.7853 0.8232 0.85 0.869 0.8824 0.8919 0.8986 0.9034 0.9068
0 0.1 0.1848 0.3982 0.5493 0.6562 0.7318 0.7853 0.8232 0.85 0.869 0.8824 0.8919 0.8986 0.9034 0.9068
0 0.1 0.1848 0.3982 0.5493 0.6562 0.7318 0.7853 0.8232 0.85 0.869 0.8824 0.8919 0.8986 0.9034 0.9068
0 0.1 0.1848 0.3982 0.5493 0.6562 0.7318 0.7853 0.8232 0.85 0.869 0.8824 0.8919 0.8986 0.9034 0.9068
0 0.1 0.1848 0.3982 0.5493 0.6562 0.7318 0.7853 0.8232 0.85 0.869 0.8824 0.8919 0.8986 0.9034 0.9068
0 0.1 0.1848 0.3982 0.5493 0.6562 0.7318 0.7853 0.8232 0.85 0.869 0.8824 0.8919 0.8986 0.9034 0.9068
0 0.1 0.1848 0.3982 0.5493 0.6562 0.7318 0.7853 0.8232 0.85 0.869 0.8824 0.8919 0.8986 0.9034 0.9068
0 0.1 0.1848 0.3982 0.5493 0.6562 0.7318 0.7853 0.8232 0.85 0.869 0.8824 0.8919 0.8986 0.9034 0.9068
# wt_fsh (cod.trawl) (interpolated from BSAI cod 2003 SAFE Assessment pg.132)
0 0.1 0.3 0.6 1.5 2.6 3.5 5.1 6.8 7.5 8.2 8.4 9.9
0 0.1 0.3 0.6 1.5 2.6 3.5 5.1 6.8 7.5 8.2 8.4 9.9
0 0.1 0.3 0.6 1.5 2.6 3.5 5.1 6.8 7.5 8.2 8.4 9.9
0 0.1 0.3 0.6 1.5 2.6 3.5 5.1 6.8 7.5 8.2 8.4 9.9
0 0.1 0.3 0.6 1.5 2.6 3.5 5.1 6.8 7.5 8.2 8.4 9.9
0 0.1 0.3 0.6 1.5 2.6 3.5 5.1 6.8 7.5 8.2 8.4 9.9
0 0.1 0.3 0.6 1.5 2.6 3.5 5.1 6.8 7.5 8.2 8.4 9.9
0 0.1 0.3 0.6 1.5 2.6 3.5 5.1 6.8 7.5 8.2 8.4 9.9
0 0.1 0.3 0.6 1.5 2.6 3.5 5.1 6.8 7.5 8.2 8.4 9.9
0 0.1 0.3 0.6 1.5 2.6 3.5 5.1 6.8 7.5 8.2 8.4 9.9
0 0.1 0.3 0.6 1.5 2.6 3.5 5.1 6.8 7.5 8.2 8.4 9.9
0 0.1 0.3 0.6 1.5 2.6 3.5 5.1 6.8 7.5 8.2 8.4 9.9
0 0.1 0.3 0.6 1.5 2.6 3.5 5.1 6.8 7.5 8.2 8.4 9.9
0 0.1 0.3 0.6 1.5 2.6 3.5 5.1 6.8 7.5 8.2 8.4 9.9
0 0.1 0.3 0.6 1.5 2.6 3.5 5.1 6.8 7.5 8.2 8.4 9.9
0 0.1 0.3 0.6 1.5 2.6 3.5 5.1 6.8 7.5 8.2 8.4 9.9
0 0.1 0.3 0.6 1.5 2.6 3.5 5.1 6.8 7.5 8.2 8.4 9.9
0 0.1 0.3 0.6 1.5 2.6 3.5 5.1 6.8 7.5 8.2 8.4 9.9
0 0.1 0.3 0.6 1.5 2.6 3.5 5.1 6.8 7.5 8.2 8.4 9.9
0 0.1 0.3 0.6 1.5 2.6 3.5 5.1 6.8 7.5 8.2 8.4 9.9
0 0.1 0.3 0.6 1.5 2.6 3.5 5.1 6.8 7.5 8.2 8.4 9.9
0 0.1 0.3 0.6 1.5 2.6 3.5 5.1 6.8 7.5 8.2 8.4 9.9
0 0.1 0.3 0.6 1.5 2.6 3.5 5.1 6.8 7.5 8.2 8.4 9.9
0 0.1 0.3 0.6 1.5 2.6 3.5 5.1 6.8 7.5 8.2 8.4 9.9
0 0.1 0.3 0.6 1.5 2.6 3.5 5.1 6.8 7.5 8.2 8.4 9.9
# wt_fsh (cod.pot) (interpolated from BSAI cod 2003 SAFE Assessment pg.132)
0 0.1 0.3 0.6 1.5 2.6 3.5 5.1 6.8 7.5 8.2 8.4 9.9
0 0.1 0.3 0.6 1.5 2.6 3.5 5.1 6.8 7.5 8.2 8.4 9.9
0 0.1 0.3 0.6 1.5 2.6 3.5 5.1 6.8 7.5 8.2 8.4 9.9
0 0.1 0.3 0.6 1.5 2.6 3.5 5.1 6.8 7.5 8.2 8.4 9.9
0 0.1 0.3 0.6 1.5 2.6 3.5 5.1 6.8 7.5 8.2 8.4 9.9
0 0.1 0.3 0.6 1.5 2.6 3.5 5.1 6.8 7.5 8.2 8.4 9.9
0 0.1 0.3 0.6 1.5 2.6 3.5 5.1 6.8 7.5 8.2 8.4 9.9
0 0.1 0.3 0.6 1.5 2.6 3.5 5.1 6.8 7.5 8.2 8.4 9.9
0 0.1 0.3 0.6 1.5 2.6 3.5 5.1 6.8 7.5 8.2 8.4 9.9
0 0.1 0.3 0.6 1.5 2.6 3.5 5.1 6.8 7.5 8.2 8.4 9.9
0 0.1 0.3 0.6 1.5 2.6 3.5 5.1 6.8 7.5 8.2 8.4 9.9
0 0.1 0.3 0.6 1.5 2.6 3.5 5.1 6.8 7.5 8.2 8.4 9.9
0 0.1 0.3 0.6 1.5 2.6 3.5 5.1 6.8 7.5 8.2 8.4 9.9
0 0.1 0.3 0.6 1.5 2.6 3.5 5.1 6.8 7.5 8.2 8.4 9.9
0 0.1 0.3 0.6 1.5 2.6 3.5 5.1 6.8 7.5 8.2 8.4 9.9
0 0.1 0.3 0.6 1.5 2.6 3.5 5.1 6.8 7.5 8.2 8.4 9.9
0 0.1 0.3 0.6 1.5 2.6 3.5 5.1 6.8 7.5 8.2 8.4 9.9
0 0.1 0.3 0.6 1.5 2.6 3.5 5.1 6.8 7.5 8.2 8.4 9.9
0 0.1 0.3 0.6 1.5 2.6 3.5 5.1 6.8 7.5 8.2 8.4 9.9
0 0.1 0.3 0.6 1.5 2.6 3.5 5.1 6.8 7.5 8.2 8.4 9.9
0 0.1 0.3 0.6 1.5 2.6 3.5 5.1 6.8 7.5 8.2 8.4 9.9
0 0.1 0.3 0.6 1.5 2.6 3.5 5.1 6.8 7.5 8.2 8.4 9.9
0 0.1 0.3 0.6 1.5 2.6 3.5 5.1 6.8 7.5 8.2 8.4 9.9
0 0.1 0.3 0.6 1.5 2.6 3.5 5.1 6.8 7.5 8.2 8.4 9.9
0 0.1 0.3 0.6 1.5 2.6 3.5 5.1 6.8 7.5 8.2 8.4 9.9
# wt_fsh (cod.longline) (interpolated from BSAI cod 2003 SAFE Assessment pg.132)
0 0.1 0.3 0.6 1.5 2.6 3.5 5.1 6.8 7.5 8.2 8.4 9.9
0 0.1 0.3 0.6 1.5 2.6 3.5 5.1 6.8 7.5 8.2 8.4 9.9
0 0.1 0.3 0.6 1.5 2.6 3.5 5.1 6.8 7.5 8.2 8.4 9.9
0 0.1 0.3 0.6 1.5 2.6 3.5 5.1 6.8 7.5 8.2 8.4 9.9
0 0.1 0.3 0.6 1.5 2.6 3.5 5.1 6.8 7.5 8.2 8.4 9.9
0 0.1 0.3 0.6 1.5 2.6 3.5 5.1 6.8 7.5 8.2 8.4 9.9
0 0.1 0.3 0.6 1.5 2.6 3.5 5.1 6.8 7.5 8.2 8.4 9.9
0 0.1 0.3 0.6 1.5 2.6 3.5 5.1 6.8 7.5 8.2 8.4 9.9
0 0.1 0.3 0.6 1.5 2.6 3.5 5.1 6.8 7.5 8.2 8.4 9.9
0 0.1 0.3 0.6 1.5 2.6 3.5 5.1 6.8 7.5 8.2 8.4 9.9
0 0.1 0.3 0.6 1.5 2.6 3.5 5.1 6.8 7.5 8.2 8.4 9.9
0 0.1 0.3 0.6 1.5 2.6 3.5 5.1 6.8 7.5 8.2 8.4 9.9
0 0.1 0.3 0.6 1.5 2.6 3.5 5.1 6.8 7.5 8.2 8.4 9.9
0 0.1 0.3 0.6 1.5 2.6 3.5 5.1 6.8 7.5 8.2 8.4 9.9
0 0.1 0.3 0.6 1.5 2.6 3.5 5.1 6.8 7.5 8.2 8.4 9.9
0 0.1 0.3 0.6 1.5 2.6 3.5 5.1 6.8 7.5 8.2 8.4 9.9
0 0.1 0.3 0.6 1.5 2.6 3.5 5.1 6.8 7.5 8.2 8.4 9.9
0 0.1 0.3 0.6 1.5 2.6 3.5 5.1 6.8 7.5 8.2 8.4 9.9
0 0.1 0.3 0.6 1.5 2.6 3.5 5.1 6.8 7.5 8.2 8.4 9.9
0 0.1 0.3 0.6 1.5 2.6 3.5 5.1 6.8 7.5 8.2 8.4 9.9
0 0.1 0.3 0.6 1.5 2.6 3.5 5.1 6.8 7.5 8.2 8.4 9.9
0 0.1 0.3 0.6 1.5 2.6 3.5 5.1 6.8 7.5 8.2 8.4 9.9
0 0.1 0.3 0.6 1.5 2.6 3.5 5.1 6.8 7.5 8.2 8.4 9.9
0 0.1 0.3 0.6 1.5 2.6 3.5 5.1 6.8 7.5 8.2 8.4 9.9
0 0.1 0.3 0.6 1.5 2.6 3.5 5.1 6.8 7.5 8.2 8.4 9.9


#### Fishery composition
# Number Years With Fishery Age Compositions (#nyrs_fsh_comp)
8 20 14 10 14
# Years with Fishery Age Compositions (#yrs_fsh_comp)
1990 1991 1992 1993 1994 1995 1996 1998 # pollock
1979 1980 1981 1982 1983 1984 1985 1986 1987 1988 1990 1991 1994 1995 1996 1998 1999 2000 2001 2002 # mackerel
1990 1991 1992 1993 1994 1995 1996 1997 1998 1999 2000 2001 2002 2003 # cod trawl
1991 1992 1994 1995 1996 1997 1998 1999 2000 2001 #2003 # only 7 samples from 2003 cod pot fishery
1990 1991 1992 1993 1994 1995 1996 1997 1998 1999 2000 2001 2002 2003 # cod longline
# nsmpl_fsh
10 10 10 10 10 50 50 50 # pollock MODELA10_A.DAT
25 25 100 100 100 100 100 100 100 100 100 100 100 100 100 100 100 100 100 100 # mackerel ATKA03.DAT
10 10 10 10 10 10 10 10 10 10 10 10 10 10 # cod trawl
10 10 10 10 10 10 10 10 10 10 #10 # cod pot
10 10 10 10 10 10 10 10 10 10 10 10 10 10 # cod longline
#
#oc_fsh pollock (age comps from MODELA10_A.DAT)
0 0.0 0.0 0.0877 0.0207 0.1433 0.0918 0.1243 0.1255 0.0329 0.1779 0.0314 0.0817 0.0325 0.0165 0.0338
0 0.0 0.0 0.0 0.0165 0.0137 0.1004 0.0292 0.0369 0.1155 0.0119 0.0333 0.0968 0.2448 0.0641 0.2367
0 0.0 0.0 0.0 0.0033 0.0386 0.0722 0.034 0.0769 0.016 0.0878 0.061 0.0645 0.0475 0.2327 0.2654
0 0.0 0.0 0.0 0.0136 0.034 0.0865 0.1038 0.0413 0.1119 0.0618 0.0651 0.0622 0.0298 0.055 0.3349
0 0.0 0.0 0.0 0.0125 0.1995 0.0607 0.0821 0.1114 0.0858 0.0617 0.0268 0.0785 0.0206 0.0208 0.2396
0 0.0 0.0 0.0047 0.0086 0.0 0.249 0.0289 0.1259 0.1191 0.0352 0.0584 0.0517 0.0937 0.0192 0.2054
0 0.0 0.0 0.008 0.0077 0.0323 0.0856 0.3082 0.0919 0.1238 0.0723 0.0557 0.0379 0.0118 0.0457 0.1193
0 0.0 0.0 0.002089602 0.004151343 0.283666858 0.084353181 0.054640719 0.048124695 0.086600251 0.061419901 0.05171605 0.12240172 0.065935959 0.059487004 0.075412718
# oc_fsh mackerel (age comps from ATKA03.DAT)
0 0.0 0.0 0.094 0.563 0.273 0.046 0.023 0.0 0.0 0.0 0.0 0.0 0.0 0.0 0.0
0 0.0 0.0 0.446 0.208 0.254 0.059 0.021 0.008 0.005 0.0 0.0 0.0 0.0 0.0 0.0
0 0.0 0.0 0.167 0.531 0.0 0.05 0.252 0.0 0.0 0.0 0.0 0.0 0.0 0.0 0.0
0 0.0 0.0 0.006 0.079 0.778 0.116 0.02 0.0 0.0 0.0 0.0 0.0 0.0 0.0 0.0
0 0.0 0.0 0.105 0.079 0.14 0.587 0.088 0.0 0.0 0.0 0.0 0.0 0.0 0.0 0.0
0 0.0 0.002 0.019 0.143 0.138 0.211 0.426 0.043 0.019 0.0 0.0 0.0 0.0 0.0 0.0
0 0.0 0.011 0.268 0.148 0.158 0.101 0.092 0.196 0.021 0.005 0.0 0.0 0.0 0.0 0.0
0 0.0 0.007 0.228 0.129 0.088 0.106 0.09 0.116 0.197 0.021 0.017 0.0 0.0 0.0 0.0
0 0.0 0.014 0.269 0.196 0.118 0.049 0.061 0.056 0.044 0.174 0.014 0.006 0.0 0.0 0.0
0 0.0 0.009 0.223 0.504 0.138 0.04 0.034 0.014 0.022 0.005 0.01 0.001 0.0 0.0 0.0
0 0.0 0.0 0.15 0.448 0.252 0.093 0.033 0.007 0.005 0.002 0.001 0.001 0.006 0.001 0.0
0 0.0 0.0 0.067 0.192 0.348 0.203 0.105 0.044 0.009 0.014 0.014 0.003 0.0 0.0 0.0
0 0.0 0.0 0.09 0.066 0.226 0.375 0.043 0.089 0.062 0.04 0.006 0.003 0.0 0.0 0.0
0 0.0 0.002 0.149 0.323 0.077 0.116 0.216 0.028 0.031 0.042 0.016 0.0 0.0 0.0 0.0
0 0.0 0.0 0.021 0.394 0.134 0.077 0.125 0.191 0.018 0.022 0.016 0.003 0.0 0.0 0.0
0 0.0 0.0 0.106 0.177 0.162 0.299 0.109 0.039 0.036 0.052 0.004 0.008 0.007 0.0 0.0
0 0.0 0.016 0.013 0.496 0.124 0.099 0.143 0.057 0.02 0.014 0.014 0.002 0.002 0.0 0.0
0 0.0 0.009 0.131 0.086 0.401 0.117 0.064 0.125 0.032 0.014 0.009 0.005 0.005 0.0 0.0
0 0.0 0.0194682 0.254349 0.138498 0.0898185 0.297349 0.0876393 0.0498387 0.0476199 0.00906748 0.00408091 0.000971296 0.00129977 0.0 0.0
0 0.0 0.025506562 0.284205969 0.29529248 0.083494459 0.042172257 0.180422138 0.034861835 0.018398246 0.028689947 0.003659714 0.003296394 0.0 0.0 0.0
# oc_fsh cod.trawl (length comps tallied from "l_fsh_cod.txt" by "lns.codCOMMS.rtf")
0 0 0 0 0 0.0024 0.0097 0.0133 0.0531 0.1037 0.0941 0.123 0.1592 0.117 0.1134 0.1001 0.0555 0.029 0.0217 0.0036 0.0012 0 0 0
0 0 0 0 0.0024 0.0119 0.0143 0.0263 0.0549 0.0589 0.0939 0.1241 0.1321 0.1368 0.109 0.1042 0.0716 0.0414 0.0119 0.0024 0.0032 0.0008 0 0
0 0 0 0 0 0.0029 0.0108 0.032 0.0496 0.0426 0.059 0.0896 0.1174 0.1518 0.1505 0.1168 0.085 0.0504 0.0293 0.0091 0.0027 0.0006 0 0
0 0 0 0 0.0011 0.0056 0.0091 0.0134 0.0217 0.0384 0.0465 0.0485 0.0621 0.077 0.1053 0.1365 0.1428 0.1188 0.0892 0.0552 0.0225 0.0056 0.0006 0
0 0.0003 0.0005 0 0.0003 0.0003 0.0011 0.0052 0.0084 0.0215 0.0448 0.0676 0.076 0.1149 0.11 0.126 0.1334 0.1173 0.0989 0.0494 0.0193 0.0043 0.0005 0
0 0 0 0.0067 0.0315 0.0357 0.0112 0.0107 0.0124 0.0152 0.025 0.0346 0.0548 0.088 0.1194 0.1099 0.1068 0.1009 0.0964 0.0703 0.0503 0.018 0.0022 0
0 0 0 0.001 0.0035 0.0053 0.0125 0.026 0.0245 0.0275 0.0303 0.0373 0.055 0.0758 0.1068 0.1306 0.1396 0.1206 0.0956 0.0603 0.0335 0.0123 0.0008 0.0013
0 0 0 0 0.0006 0.004 0.0038 0.0034 0.0094 0.0189 0.036 0.0452 0.0519 0.0661 0.0945 0.1152 0.1283 0.1343 0.1257 0.0913 0.0485 0.0179 0.0044 0.0006
0 0 0 0 0.0011 0.0081 0.013 0.0109 0.0141 0.0195 0.0295 0.056 0.0871 0.1159 0.1124 0.1046 0.0962 0.0986 0.0976 0.078 0.0415 0.0134 0.0022 0.0002
0 0.0001 0 0.0001 0.001 0.0045 0.0071 0.0176 0.032 0.0377 0.0416 0.0488 0.0655 0.1026 0.1356 0.1492 0.1273 0.0784 0.0677 0.0522 0.0247 0.0056 0.0005 0.0002
0 0 0 0.0001 0.0007 0.0019 0.0026 0.0134 0.0208 0.0302 0.0456 0.0617 0.0709 0.0952 0.1061 0.1186 0.1394 0.1233 0.0794 0.0555 0.0271 0.0063 0.001 0.0002
0 0 0 0 0.0016 0.0039 0.0031 0.0031 0.0053 0.0159 0.0355 0.0752 0.1218 0.1696 0.1341 0.1119 0.1014 0.0796 0.0735 0.0419 0.0182 0.0036 0.001 0
0 0 0.0001 0.0001 0.0008 0.003 0.0067 0.009 0.0097 0.0141 0.0171 0.029 0.0735 0.1425 0.173 0.1702 0.1341 0.0892 0.0606 0.0441 0.0198 0.0033 0.0002 0
0.0001 0 0.0001 0.0001 0.0005 0.0036 0.0049 0.014 0.0226 0.0274 0.0358 0.044 0.0664 0.0832 0.1048 0.15 0.1613 0.1281 0.0849 0.0447 0.0186 0.0044 0.0008 0
# oc_fsh cod.pot (length comps tallied from "l_fsh_cod.txt" by "lns.codCOMMS.rtf")
0 0 0 0 0 0 0 0 0.0014 0.0045 0.017 0.0524 0.1168 0.1601 0.1815 0.1852 0.1456 0.0817 0.0413 0.0114 0.0011 0 0 0
0 0 0 0 0 0 0.0006 0.0124 0.0361 0.0531 0.0709 0.0986 0.1337 0.1472 0.1485 0.1264 0.089 0.0476 0.0216 0.0092 0.0038 0.0011 0.0001 0
0 0 0 0 0 0 0 0 0 0.0444 0.0556 0.1111 0.1444 0.1222 0.1222 0.1444 0.1444 0.0667 0.0111 0.0222 0.0111 0 0 0
0 0 0 0 0 0 0 0.0038 0.0143 0.0358 0.0661 0.0925 0.1133 0.1207 0.118 0.1233 0.1098 0.1093 0.0514 0.0297 0.0093 0.0024 0.0003 0
0 0 0 0 0 0 0.0003 0.0063 0.026 0.0341 0.0558 0.0901 0.1106 0.1157 0.1173 0.1186 0.1049 0.0856 0.0685 0.0448 0.0182 0.0028 0.0005 0
0 0 0 0 0 0 0 0.0021 0.0084 0.0084 0.0453 0.0801 0.0906 0.1022 0.098 0.1064 0.1064 0.0991 0.098 0.0727 0.0527 0.0242 0.0053 0
0 0 0 0 0 0 0 0.0006 0.0038 0.0205 0.0493 0.1062 0.1222 0.1248 0.1158 0.0934 0.0915 0.0806 0.087 0.0627 0.032 0.0096 0 0
0 0 0 0 0 0.0005 0.0022 0.0075 0.0251 0.0449 0.077 0.1009 0.1084 0.113 0.1136 0.1059 0.0971 0.0781 0.0592 0.0441 0.0176 0.0045 0.0001 0.0004
0 0 0 0 0 0 0.001 0.0077 0.0303 0.0448 0.0747 0.0724 0.0778 0.0906 0.098 0.1118 0.1279 0.0902 0.0902 0.0397 0.03 0.0118 0 0.001
0.0003 0 0 0 0 0 0.0003 0.002 0.0113 0.0369 0.0625 0.1127 0.1731 0.1571 0.1161 0.0935 0.0717 0.055 0.0502 0.0253 0.0212 0.0106 0.0003 0
# 0 0 0 0 0 0 0 0 0 0 0 0.2857 0.5714 0.1429 0 0 0 0 0 0 0 0 0 0
# oc_fsh cod.longline (length comps tallied from "l_fsh_cod.txt" by "lns.codCOMMS.rtf")
0 0 0 0 0 0 0 0 0.0029 0.0201 0.0546 0.1226 0.1638 0.1533 0.1686 0.1437 0.0987 0.0431 0.0192 0.0086 0.001 0 0 0
0 0 0 0 0 0.001 0.0048 0.0148 0.0292 0.0603 0.097 0.1173 0.129 0.1297 0.1263 0.1033 0.0855 0.0571 0.0303 0.0126 0.0015 0.0003 0 0
0 0 0 0 0 0.0002 0.0035 0.0208 0.0402 0.0509 0.0642 0.0825 0.1093 0.1264 0.1329 0.1196 0.0967 0.0714 0.0475 0.0223 0.0089 0.0022 0.0003 0
0 0 0 0 0.0002 0.0007 0.0027 0.0148 0.0478 0.0894 0.0974 0.0869 0.0934 0.1105 0.1176 0.116 0.0944 0.0639 0.0381 0.0195 0.0054 0.001 0.0002 0
0 0 0 0 0.0004 0.0014 0.0047 0.0186 0.0443 0.0654 0.095 0.117 0.1255 0.1145 0.0983 0.0838 0.0854 0.0648 0.0464 0.0244 0.007 0.0022 0.0007 0
0 0 0.0001 0.0001 0 0.0007 0.0014 0.0041 0.0128 0.0323 0.0564 0.0879 0.1118 0.1303 0.1286 0.1199 0.0934 0.0801 0.0721 0.047 0.0165 0.0041 0.0004 0
0 0 0 0 0.0002 0.0028 0.0086 0.0337 0.0649 0.0778 0.0826 0.1045 0.1192 0.1149 0.1049 0.0937 0.073 0.0405 0.0332 0.0242 0.0166 0.0045 0.0002 0
0 0 0 0 0.0001 0.0015 0.0048 0.0144 0.0399 0.0694 0.1 0.099 0.0881 0.0927 0.0979 0.0993 0.0876 0.0824 0.0579 0.0377 0.0206 0.006 0.0006 0
0 0 0 0.0001 0.0008 0.0023 0.008 0.027 0.0519 0.0619 0.0734 0.0958 0.1209 0.1213 0.103 0.0808 0.0721 0.0612 0.0553 0.0374 0.0201 0.0058 0.0009 0.0003
0.0001 0 0 0 0 0.0005 0.0042 0.0238 0.0514 0.0781 0.087 0.103 0.1017 0.1132 0.1068 0.101 0.0727 0.0519 0.043 0.0343 0.0203 0.0057 0.0011 0.0003
0 0 0 0 0 0.0005 0.0043 0.0189 0.0398 0.0628 0.0915 0.1039 0.114 0.1063 0.0914 0.0854 0.0826 0.0707 0.0529 0.0413 0.0262 0.0067 0.0008 0.0001
0.0001 0 0 0 0.0001 0.001 0.0087 0.0274 0.0504 0.0779 0.1026 0.1264 0.136 0.1196 0.0917 0.0686 0.0511 0.0424 0.0389 0.0306 0.0191 0.0058 0.0014 0.0003
0 0 0 0 0 0.0034 0.0147 0.028 0.0613 0.0744 0.071 0.1048 0.1429 0.159 0.1383 0.0832 0.0458 0.0287 0.0187 0.0134 0.0084 0.0035 0.0005 0
0 0 0 0 0 0.0008 0.0056 0.0224 0.0758 0.1401 0.1479 0.1326 0.1236 0.0959 0.0831 0.0649 0.0478 0.0305 0.0179 0.0067 0.0031 0.0008 0.0003 0.0003

#### Survey index
# Number of surveys per species (nsrv_spp)
1 1 1
# Species for each survey (spp_srv)
1 2 3
# Number Years With Survey index data (#nyrs_srv)
5 6 8
# Years with Survey index data (#yrs_srv)
1991 1994 1997 2000 2002 #yrs_srv(pollock Table 1A.9 2003 SAFE)
1986 1991 1994 1997 2000 2002 #yrs_srv(mackerel Tables 15.4, 15.5 2003 SAFE)
1980 1983 1986 1991 1994 1997 2000 2002 #yrs_srv(cod no Table, Aleutian survey data)
# Months in which each survey occurs (#mo_srv)
8.0 7.5 7.5
# The survey indices of abundance (obs_srv) biomass in 1000t units
83.3 47.6 57.6 76.6 121.9 #pollock Table 1A.9 2003 SAFE
544.754 723.918 602.161 366.314 510.857 772.798 #mackerel Tables 15.4, 15.5 2003 SAFE
148.272 215.755 255.007 189.19 184.109 83.416 136.075 82.853 #cod no Table, Aleutian survey data
# The survey standard errors (obs_se_srv)
16.8 9.7 15.7 27.5 55.1 #pollock Table 1A.9 2003 SAFE
343.195 104.887 198.15 105.473 144.781 157.262 #mackerel Tables 15.4, 15.5 2003 SAFE
29.778 30.993 66.524 25.532 33.695 10.499 23.553 12.018 #cod no Table, Aleutian survey data

#### Survey composition data
# Number of Surveys (nyrs_srv_age)
3 #pollock
5 #mackerel
5 #cod
# yrs_srv_age
1991 1997 2002           #pollock
1986 1991 1994 1997 2000 #mackerel
1991 1994 1997 2000 2002 #cod
# nsmpl_srv
100 100 100    #pollock MODELA10_A.DAT
50 50 50 50 50 #mackerel ATKA03.DAT
40 40 40 40 40 #cod

# Survey composition data
# oc_srv (pollock MODELA10_A.DAT)
0 0.0 0.090659945 0.141651508 0.247915914 0.111893619 0.033883225 0.044193947 0.027715709 0.070320383 0.032140459 0.044953049 0.0185979 0.059546418 0.039963794 0.036564131
0 0.018676628 0.017910796 0.029283526 0.106610951 0.129128354 0.100551665 0.083777653 0.158330174 0.098263895 0.040123854 0.047327493 0.029681656 0.027452121 0.016418472 0.096462761
0 0.016636955 0.01525693 0.043660698 0.041880269 0.047014857 0.075515174 0.108235885 0.088153285 0.103501756 0.085100273 0.090237492 0.070742043 0.092272817 0.041117514 0.080674053
# oc_srv (mackerel ATKA03.DAT)
0 0.0 0.058 0.363 0.196 0.127 0.101 0.085 0.05 0.015 0.004 0.001 0.0 0.0 0.0 0.0
0 0.0 0.048 0.561 0.091 0.173 0.054 0.058 0.01 0.004 0.0 0.0 0.0 0.0 0.0 0.0
0 0.0 0.014 0.188 0.13 0.21 0.246 0.058 0.077 0.025 0.043 0.006 0.0 0.0 0.001 0.0
0 0.0 0.102 0.222 0.179 0.231 0.071 0.036 0.049 0.067 0.01 0.01 0.003 0.008 0.0 0.0
0 0.0 0.288 0.082 0.027 0.242 0.073 0.076 0.127 0.04 0.02 0.015 0.006 0.003 0.0 0.001
# oc_srv (cod Aleutian survey data)
0 0 0.0016 0.0009 0.0327 0.1719 0.1481 0.0511 0.0464 0.0459 0.0709 0.0808 0.1049 0.0825 0.0673 0.0436 0.0265 0.0165 0.0053 0.0017 0.0012 0.0002 0 0
0 0.095 0.2314 0.0137 0.0031 0.0217 0.0275 0.0365 0.0624 0.0447 0.051 0.0738 0.0769 0.075 0.0487 0.0406 0.0395 0.0339 0.0174 0.0051 0.0013 0.0006 0 0
0 0 0.016 0.0998 0.0178 0.0348 0.0611 0.0339 0.0593 0.0906 0.1468 0.1457 0.0957 0.0574 0.0368 0.0278 0.0236 0.0212 0.0168 0.0112 0.0035 0 0 0
0 0.008 0.0269 0.0023 0.0069 0.0146 0.0179 0.0619 0.1092 0.1303 0.1533 0.1564 0.113 0.0766 0.0536 0.0261 0.0175 0.0109 0.0068 0.0032 0.0039 0.0005 0 0
0.0002 0.0031 0.0192 0.015 0.0263 0.0961 0.1456 0.0747 0.0945 0.0942 0.0945 0.0505 0.0424 0.049 0.0545 0.0605 0.0386 0.0222 0.0084 0.0073 0.002 0.0011 0 0

# Survey weight at age
# wt_srv (pollock MODELA10_A.DAT)
0 0.137038229 0.382191551 0.654884572 0.901051238 1.101086843 1.254177594 1.36712965 1.448548268 1.506350672 1.546974255 1.575331305 1.595034972 1.60868314 1.618116663 1.624627525
0 0.137038229 0.382191551 0.654884572 0.901051238 1.101086843 1.254177594 1.36712965 1.448548268 1.506350672 1.546974255 1.575331305 1.595034972 1.60868314 1.618116663 1.624627525
0 0.098049947 0.302350689 0.535866648 0.746959726 0.917288013 1.046318416 1.140442094 1.207500939 1.254559008 1.287256948 1.309829542 1.325345397 1.3359804 1.343256368 1.34822824
0 0.098049947 0.302350689 0.535866648 0.746959726 0.917288013 1.046318416 1.140442094 1.207500939 1.254559008 1.287256948 1.309829542 1.325345397 1.3359804 1.343256368 1.34822824
0 0.059061665 0.222509826 0.416848724 0.592868214 0.733489184 0.838459238 0.913754537 0.96645361 1.002767345 1.02753964 1.044327779 1.055655823 1.06327766 1.068396074 1.071828956
0 0.078678277 0.235606441 0.416405603 0.581882761 0.717369226 0.821665812 0.899057947 0.95519168 0.99532101 1.023743646 1.043755206 1.057791873 1.067614968 1.074480293 1.079275327
0 0.078678277 0.235606441 0.416405603 0.581882761 0.717369226 0.821665812 0.899057947 0.95519168 0.99532101 1.023743646 1.043755206 1.057791873 1.067614968 1.074480293 1.079275327
0 0.098294889 0.248703056 0.415962483 0.570897308 0.701249269 0.804872386 0.884361357 0.94392975 0.987874676 1.019947651 1.043182633 1.059927924 1.071952275 1.080564512 1.086721698
0 0.098294889 0.253690214 0.451942811 0.685810205 0.803619647 0.944166532 1.03627961 1.083792786 1.122604995 1.191436465 1.195353109 1.178504261 1.190494246 1.20811022 1.173372762
0 0.098294889 0.253690214 0.451942811 0.685810205 0.803619647 0.944166532 1.03627961 1.083792786 1.122604995 1.191436465 1.195353109 1.178504261 1.190494246 1.20811022 1.173372762
0 0.098294889 0.253690214 0.451942811 0.685810205 0.803619647 0.944166532 1.03627961 1.083792786 1.122604995 1.191436465 1.195353109 1.178504261 1.190494246 1.20811022 1.173372762
0 0.098294889 0.253690214 0.451942811 0.685810205 0.803619647 0.944166532 1.03627961 1.083792786 1.122604995 1.191436465 1.195353109 1.178504261 1.190494246 1.20811022 1.173372762
0 0.0 0.258677372 0.48792314 0.800723101 0.905990024 1.083460678 1.188197863 1.223655822 1.257335315 1.362925279 1.347523586 1.297080599 1.309036217 1.335655929 1.260023826
0 0.073519022 0.255971018 0.439037934 0.778477072 0.897565489 1.007083525 1.129316476 1.201207405 1.235307734 1.339625821 1.352688599 1.342944463 1.354080064 1.374350723 1.355845804
0 0.073519022 0.255971018 0.439037934 0.778477072 0.897565489 1.007083525 1.129316476 1.201207405 1.235307734 1.339625821 1.352688599 1.342944463 1.354080064 1.374350723 1.355845804
0 0.073519022 0.255971018 0.439037934 0.778477072 0.897565489 1.007083525 1.129316476 1.201207405 1.235307734 1.339625821 1.352688599 1.342944463 1.354080064 1.374350723 1.355845804
0 0.073519022 0.255971018 0.439037934 0.778477072 0.897565489 1.007083525 1.129316476 1.201207405 1.235307734 1.339625821 1.352688599 1.342944463 1.354080064 1.374350723 1.355845804
0 0.073519022 0.255971018 0.439037934 0.778477072 0.897565489 1.007083525 1.129316476 1.201207405 1.235307734 1.339625821 1.352688599 1.342944463 1.354080064 1.374350723 1.355845804
0 0.069622325 0.253264665 0.390152727 0.756231042 0.889140954 0.930706372 1.070435088 1.178758988 1.213280153 1.316326363 1.357853611 1.388808327 1.399123911 1.413045518 1.451667782
0 0.051143472 0.234013308 0.41947035 0.719804945 0.990200633 1.037690618 1.189813441 1.242481511 1.377397899 1.453441905 1.484670492 1.53738354 1.539335305 1.542586174 1.529952349
0 0.051143472 0.234013308 0.41947035 0.719804945 0.990200633 1.037690618 1.189813441 1.242481511 1.377397899 1.453441905 1.484670492 1.53738354 1.539335305 1.542586174 1.529952349
0 0.051143472 0.234013308 0.41947035 0.719804945 0.990200633 1.037690618 1.189813441 1.242481511 1.377397899 1.453441905 1.484670492 1.53738354 1.539335305 1.542586174 1.529952349
0 0.051143472 0.234013308 0.41947035 0.719804945 0.990200633 1.037690618 1.189813441 1.242481511 1.377397899 1.453441905 1.484670492 1.53738354 1.539335305 1.542586174 1.529952349
0 0.032664618 0.21476195 0.448787974 0.683378849 1.091260313 1.144674864 1.309191794 1.306204033 1.541515644 1.590557447 1.611487373 1.685958753 1.679546698 1.67212683 1.608236917
0 0.032664618 0.21476195 0.448787974 0.683378849 1.091260313 1.144674864 1.309191794 1.306204033 1.541515644 1.590557447 1.611487373 1.685958753 1.679546698 1.67212683 1.608236917
#
# wt_srv (mackerel) (Table 15.6 2003 SAFE)
0 0.1 0.1276 0.4205 0.6598 0.7557 0.7941 0.8095 0.8157 0.8181 0.8191 0.8195 0.8197 0.8197 0.8198 0.8198
0 0.1 0.1276 0.4205 0.6598 0.7557 0.7941 0.8095 0.8157 0.8181 0.8191 0.8195 0.8197 0.8197 0.8198 0.8198
0 0.1 0.1276 0.4205 0.6598 0.7557 0.7941 0.8095 0.8157 0.8181 0.8191 0.8195 0.8197 0.8197 0.8198 0.8198
0 0.1 0.1276 0.4205 0.6598 0.7557 0.7941 0.8095 0.8157 0.8181 0.8191 0.8195 0.8197 0.8197 0.8198 0.8198
0 0.1 0.1276 0.4205 0.6598 0.7557 0.7941 0.8095 0.8157 0.8181 0.8191 0.8195 0.8197 0.8197 0.8198 0.8198
0 0.1 0.1276 0.4205 0.6598 0.7557 0.7941 0.8095 0.8157 0.8181 0.8191 0.8195 0.8197 0.8197 0.8198 0.8198
0 0.1 0.1276 0.4205 0.6598 0.7557 0.7941 0.8095 0.8157 0.8181 0.8191 0.8195 0.8197 0.8197 0.8198 0.8198
0 0.1 0.1276 0.4205 0.6598 0.7557 0.7941 0.8095 0.8157 0.8181 0.8191 0.8195 0.8197 0.8197 0.8198 0.8198
0 0.1 0.1276 0.4205 0.6598 0.7557 0.7941 0.8095 0.8157 0.8181 0.8191 0.8195 0.8197 0.8197 0.8198 0.8198
0 0.1 0.1276 0.4205 0.6598 0.7557 0.7941 0.8095 0.8157 0.8181 0.8191 0.8195 0.8197 0.8197 0.8198 0.8198
0 0.1 0.1276 0.4205 0.6598 0.7557 0.7941 0.8095 0.8157 0.8181 0.8191 0.8195 0.8197 0.8197 0.8198 0.8198
0 0.1 0.1276 0.4205 0.6598 0.7557 0.7941 0.8095 0.8157 0.8181 0.8191 0.8195 0.8197 0.8197 0.8198 0.8198
0 0.1 0.1276 0.4205 0.6598 0.7557 0.7941 0.8095 0.8157 0.8181 0.8191 0.8195 0.8197 0.8197 0.8198 0.8198
0 0.1 0.1276 0.4205 0.6598 0.7557 0.7941 0.8095 0.8157 0.8181 0.8191 0.8195 0.8197 0.8197 0.8198 0.8198
0 0.1 0.1276 0.4205 0.6598 0.7557 0.7941 0.8095 0.8157 0.8181 0.8191 0.8195 0.8197 0.8197 0.8198 0.8198
0 0.1 0.1276 0.4205 0.6598 0.7557 0.7941 0.8095 0.8157 0.8181 0.8191 0.8195 0.8197 0.8197 0.8198 0.8198
0 0.1 0.1276 0.4205 0.6598 0.7557 0.7941 0.8095 0.8157 0.8181 0.8191 0.8195 0.8197 0.8197 0.8198 0.8198
0 0.1 0.1276 0.4205 0.6598 0.7557 0.7941 0.8095 0.8157 0.8181 0.8191 0.8195 0.8197 0.8197 0.8198 0.8198
0 0.1 0.1276 0.4205 0.6598 0.7557 0.7941 0.8095 0.8157 0.8181 0.8191 0.8195 0.8197 0.8197 0.8198 0.8198
0 0.1 0.1276 0.4205 0.6598 0.7557 0.7941 0.8095 0.8157 0.8181 0.8191 0.8195 0.8197 0.8197 0.8198 0.8198
0 0.1 0.1276 0.4205 0.6598 0.7557 0.7941 0.8095 0.8157 0.8181 0.8191 0.8195 0.8197 0.8197 0.8198 0.8198
0 0.1 0.1276 0.4205 0.6598 0.7557 0.7941 0.8095 0.8157 0.8181 0.8191 0.8195 0.8197 0.8197 0.8198 0.8198
0 0.1 0.1276 0.4205 0.6598 0.7557 0.7941 0.8095 0.8157 0.8181 0.8191 0.8195 0.8197 0.8197 0.8198 0.8198
0 0.1 0.1276 0.4205 0.6598 0.7557 0.7941 0.8095 0.8157 0.8181 0.8191 0.8195 0.8197 0.8197 0.8198 0.8198
0 0.1 0.1276 0.4205 0.6598 0.7557 0.7941 0.8095 0.8157 0.8181 0.8191 0.8195 0.8197 0.8197 0.8198 0.8198
#
# wt_srv (cod same as fishery weight at age)
0 0.1 0.3 0.6 1.5 2.6 3.5 5.1 6.8 7.5 8.2 8.4 9.9
0 0.1 0.3 0.6 1.5 2.6 3.5 5.1 6.8 7.5 8.2 8.4 9.9
0 0.1 0.3 0.6 1.5 2.6 3.5 5.1 6.8 7.5 8.2 8.4 9.9
0 0.1 0.3 0.6 1.5 2.6 3.5 5.1 6.8 7.5 8.2 8.4 9.9
0 0.1 0.3 0.6 1.5 2.6 3.5 5.1 6.8 7.5 8.2 8.4 9.9
0 0.1 0.3 0.6 1.5 2.6 3.5 5.1 6.8 7.5 8.2 8.4 9.9
0 0.1 0.3 0.6 1.5 2.6 3.5 5.1 6.8 7.5 8.2 8.4 9.9
0 0.1 0.3 0.6 1.5 2.6 3.5 5.1 6.8 7.5 8.2 8.4 9.9
0 0.1 0.3 0.6 1.5 2.6 3.5 5.1 6.8 7.5 8.2 8.4 9.9
0 0.1 0.3 0.6 1.5 2.6 3.5 5.1 6.8 7.5 8.2 8.4 9.9
0 0.1 0.3 0.6 1.5 2.6 3.5 5.1 6.8 7.5 8.2 8.4 9.9
0 0.1 0.3 0.6 1.5 2.6 3.5 5.1 6.8 7.5 8.2 8.4 9.9
0 0.1 0.3 0.6 1.5 2.6 3.5 5.1 6.8 7.5 8.2 8.4 9.9
0 0.1 0.3 0.6 1.5 2.6 3.5 5.1 6.8 7.5 8.2 8.4 9.9
0 0.1 0.3 0.6 1.5 2.6 3.5 5.1 6.8 7.5 8.2 8.4 9.9
0 0.1 0.3 0.6 1.5 2.6 3.5 5.1 6.8 7.5 8.2 8.4 9.9
0 0.1 0.3 0.6 1.5 2.6 3.5 5.1 6.8 7.5 8.2 8.4 9.9
0 0.1 0.3 0.6 1.5 2.6 3.5 5.1 6.8 7.5 8.2 8.4 9.9
0 0.1 0.3 0.6 1.5 2.6 3.5 5.1 6.8 7.5 8.2 8.4 9.9
0 0.1 0.3 0.6 1.5 2.6 3.5 5.1 6.8 7.5 8.2 8.4 9.9
0 0.1 0.3 0.6 1.5 2.6 3.5 5.1 6.8 7.5 8.2 8.4 9.9
0 0.1 0.3 0.6 1.5 2.6 3.5 5.1 6.8 7.5 8.2 8.4 9.9
0 0.1 0.3 0.6 1.5 2.6 3.5 5.1 6.8 7.5 8.2 8.4 9.9
0 0.1 0.3 0.6 1.5 2.6 3.5 5.1 6.8 7.5 8.2 8.4 9.9
0 0.1 0.3 0.6 1.5 2.6 3.5 5.1 6.8 7.5 8.2 8.4 9.9

#### Biological parameters
# Population Weight at Age
# wt_pop (pollock MODELA10_A.DAT)
0 0.04 0.21 0.41 0.69 0.89 1.09 1.25 1.33 1.4 1.48 1.51 1.64 1.54 1.51 1.59
# wt_pop (mackerel ATKA03.DAT)
0 0.1 0.1276 0.4205 0.6598 0.7557 0.7941 0.8095 0.8157 0.8181 0.8191 0.8195 0.8197 0.8197 0.8198 0.8198
# wt_pop (cod same as wt_fsh, wt_srv)
0 0.1 0.3 0.6 1.5 2.6 3.5 5.1 6.8 7.5 8.2 8.4 9.9
#
# Maturity at Age
# maturity (pollock Table 1A.13 2003 SAFE)
0 0.0000 0.0080 0.2890 0.6410 0.8420 0.9010 0.9470 0.9630 0.9700 0.9780 0.9840 0.9900 1.0000 1.0000 1.0000
# maturity (mackerel Table 15.7 2003 SAFE)
0 0 0.0370 0.2240 0.6880 0.9440 0.9920 0.9990 1.0000 1.0000 1.0000 1.0000 1.0000 1.0000 1.0000 1.0000
# maturity (cod interpolated from length-at-age and maturity-at-length)
0 0.001 0.005 0.019 0.09 0.3 0.514 0.75 0.88 0.92 0.94 0.95 0.97

# Month of Spawning
3 #spawnmo (pollock MODELA10_A.DAT)
8 #spawnmo (mackerel ATKA03.DAT)
2 #spawnmo (cod winter spawner)

# Age length key as a 3d array (1, nspp, 1, nages, 1, l_bins);
# al_key pollock (calculated from mean length-at-age and variance)
0.0023    0.9953    0.0023    0.0000    0.0000    0.0000    0.0000    0.0000    0.0000    0.0000    0.0000    0.0000    0.0000    0.0000    0.0000    0.0000
0.0000    0.0002    0.1402    0.7772    0.0823    0.0001    0.0000    0.0000    0.0000    0.0000    0.0000    0.0000    0.0000    0.0000    0.0000    0.0000
0.0000    0.0000    0.0000    0.0007    0.0522    0.4368    0.4516    0.0579    0.0008    0.0000    0.0000    0.0000    0.0000    0.0000    0.0000    0.0000
0.0000    0.0000    0.0000    0.0000    0.0005    0.0137    0.1177    0.3506    0.3659    0.1338    0.0170    0.0007    0.0000    0.0000    0.0000    0.0000
0.0000    0.0000    0.0000    0.0000    0.0000    0.0000    0.0032    0.0683    0.3477    0.4355    0.1350    0.0101    0.0002    0.0000    0.0000    0.0000
0.0000    0.0000    0.0000    0.0000    0.0000    0.0000    0.0010    0.0208    0.1485    0.3743    0.3359    0.1071    0.0120    0.0005    0.0000    0.0000
0.0000    0.0000    0.0000    0.0000    0.0000    0.0000    0.0014    0.0188    0.1115    0.2938    0.3456    0.1816    0.0425    0.0044    0.0002    0.0000
0.0000    0.0000    0.0000    0.0000    0.0000    0.0000    0.0000    0.0018    0.0279    0.1632    0.3669    0.3189    0.1070    0.0137    0.0007    0.0000
0.0000    0.0000    0.0000    0.0000    0.0000    0.0000    0.0000    0.0003    0.0102    0.1141    0.3776    0.3755    0.1122    0.0099    0.0002    0.0000
0.0000    0.0000    0.0000    0.0000    0.0000    0.0000    0.0000    0.0003    0.0073    0.0672    0.2499    0.3777    0.2330    0.0584    0.0059    0.0002
0.0000    0.0000    0.0000    0.0000    0.0000    0.0000    0.0000    0.0000    0.0010    0.0245    0.1821    0.4188    0.3014    0.0675    0.0046    0.0001
0.0000    0.0000    0.0000    0.0000    0.0000    0.0000    0.0000    0.0003    0.0053    0.0419    0.1639    0.3150    0.2984    0.1393    0.0320    0.0038
0.0000    0.0000    0.0000    0.0000    0.0000    0.0000    0.0000    0.0000    0.0002    0.0086    0.1022    0.3614    0.3881    0.1267    0.0124    0.0004
0.0000    0.0000    0.0000    0.0000    0.0000    0.0000    0.0000    0.0001    0.0025    0.0245    0.1178    0.2789    0.3260    0.1883    0.0537    0.0081
0.0000    0.0000    0.0000    0.0000    0.0000    0.0000    0.0000    0.0000    0.0003    0.0105    0.1121    0.3670    0.3766    0.1211    0.0120    0.0004
0.0000    0.0000    0.0000    0.0000    0.0000    0.0000    0.0000    0.0002    0.0027    0.0250    0.1155    0.2704    0.3217    0.1946    0.0598    0.0100
# al_key atka (calculated from mean length-at-age and variance)
0.0296    0.9408    0.0296    0.0000    0.0000    0.0000    0.0000    0.0000    0.0000    0.0000    0.0000    0.0000    0.0000
0.0000    0.0006    0.0198    0.1800    0.4419    0.2994    0.0555    0.0027    0.0000    0.0000    0.0000    0.0000    0.0000
0.0000    0.0000    0.0000    0.0000    0.0164    0.5035    0.4673    0.0128    0.0000    0.0000    0.0000    0.0000    0.0000
0.0000    0.0000    0.0000    0.0000    0.0033    0.1587    0.6095    0.2218    0.0067    0.0000    0.0000    0.0000    0.0000
0.0000    0.0000    0.0000    0.0000    0.0000    0.0021    0.1815    0.6734    0.1418    0.0012    0.0000    0.0000    0.0000
0.0000    0.0000    0.0000    0.0000    0.0002    0.0082    0.1083    0.3862    0.3832    0.1058    0.0079    0.0002    0.0000
0.0000    0.0000    0.0000    0.0000    0.0001    0.0048    0.0729    0.3221    0.4194    0.1619    0.0182    0.0006    0.0000
0.0000    0.0000    0.0000    0.0000    0.0001    0.0030    0.0515    0.2676    0.4292    0.2142    0.0329    0.0015    0.0000
0.0000    0.0000    0.0000    0.0000    0.0000    0.0027    0.0475    0.2556    0.4288    0.2262    0.0372    0.0019    0.0000
0.0000    0.0000    0.0000    0.0000    0.0000    0.0027    0.0475    0.2556    0.4288    0.2262    0.0372    0.0019    0.0000
0.0000    0.0000    0.0000    0.0000    0.0000    0.0027    0.0475    0.2556    0.4288    0.2262    0.0372    0.0019    0.0000
0.0000    0.0000    0.0000    0.0000    0.0000    0.0027    0.0475    0.2556    0.4288    0.2262    0.0372    0.0019    0.0000
0.0000    0.0000    0.0000    0.0000    0.0000    0.0027    0.0475    0.2556    0.4288    0.2262    0.0372    0.0019    0.0000
0.0000    0.0000    0.0000    0.0000    0.0000    0.0027    0.0475    0.2556    0.4288    0.2262    0.0372    0.0019    0.0000
0.0000    0.0000    0.0000    0.0000    0.0000    0.0027    0.0475    0.2556    0.4288    0.2262    0.0372    0.0019    0.0000
0.0000    0.0000    0.0000    0.0000    0.0000    0.0027    0.0475    0.2556    0.4288    0.2262    0.0372    0.0019    0.0000
# al_key cod (calculated from mean length-at-age and variance from Pg 132 BSAI 2003 SAFE)
0.0352    0.9296    0.0352    0.0000    0.0000    0.0000    0.0000    0.0000    0.0000    0.0000    0.0000    0.0000    0.0000    0.0000    0.0000    0.0000    0.0000    0.0000    0.0000    0.0000    0.0000    0.0000    0.0000    0.0000
0.0000    0.0050    0.1215    0.4859    0.3443    0.0424    0.0008    0.0000    0.0000    0.0000    0.0000    0.0000    0.0000    0.0000    0.0000    0.0000    0.0000    0.0000    0.0000    0.0000    0.0000    0.0000    0.0000    0.0000
0.0000    0.0002    0.0040    0.0406    0.1805    0.3496    0.2964    0.1098    0.0177    0.0012    0.0000    0.0000    0.0000    0.0000    0.0000    0.0000    0.0000    0.0000    0.0000    0.0000    0.0000    0.0000    0.0000    0.0000
0.0000    0.0000    0.0000    0.0003    0.0079    0.0726    0.2638    0.3812    0.2195    0.0501    0.0045    0.0002    0.0000    0.0000    0.0000    0.0000    0.0000    0.0000    0.0000    0.0000    0.0000    0.0000    0.0000    0.0000
0.0000    0.0000    0.0000    0.0000    0.0000    0.0001    0.0039    0.0473    0.2189    0.3882    0.2650    0.0694    0.0069    0.0003    0.0000    0.0000    0.0000    0.0000    0.0000    0.0000    0.0000    0.0000    0.0000    0.0000
0.0000    0.0000    0.0000    0.0000    0.0000    0.0000    0.0000    0.0000    0.0021    0.0457    0.2692    0.4455    0.2091    0.0274    0.0010    0.0000    0.0000    0.0000    0.0000    0.0000    0.0000    0.0000    0.0000    0.0000
0.0000    0.0000    0.0000    0.0000    0.0000    0.0000    0.0000    0.0000    0.0000    0.0000    0.0034    0.0849    0.4117    0.4117    0.0849    0.0034    0.0000    0.0000    0.0000    0.0000    0.0000    0.0000    0.0000    0.0000
0.0000    0.0000    0.0000    0.0000    0.0000    0.0000    0.0000    0.0000    0.0000    0.0000    0.0000    0.0006    0.0222    0.2039    0.4648    0.2685    0.0387    0.0013    0.0000    0.0000    0.0000    0.0000    0.0000    0.0000
0.0000    0.0000    0.0000    0.0000    0.0000    0.0000    0.0000    0.0000    0.0000    0.0000    0.0000    0.0002    0.0045    0.0430    0.1816    0.3440    0.2933    0.1124    0.0193    0.0015    0.0000    0.0000    0.0000    0.0000
0.0000    0.0000    0.0000    0.0000    0.0000    0.0000    0.0000    0.0000    0.0000    0.0000    0.0001    0.0013    0.0093    0.0416    0.1196    0.2214    0.2639    0.2028    0.1004    0.0320    0.0066    0.0009    0.0001    0.0000
0.0000    0.0000    0.0000    0.0000    0.0000    0.0000    0.0000    0.0000    0.0000    0.0000    0.0000    0.0000    0.0005    0.0074    0.0525    0.1848    0.3232    0.2811    0.1215    0.0260    0.0028    0.0001    0.0000    0.0000
0.0000    0.0000    0.0000    0.0000    0.0000    0.0000    0.0000    0.0000    0.0000    0.0000    0.0000    0.0002    0.0020    0.0130    0.0533    0.1402    0.2375    0.2593    0.1825    0.0827    0.0241    0.0045    0.0005    0.0000
0.0000    0.0000    0.0000    0.0000    0.0000    0.0000    0.0000    0.0000    0.0000    0.0000    0.0000    0.0001    0.0008    0.0059    0.0277    0.0867    0.1805    0.2500    0.2304    0.1414    0.0577    0.0157    0.0028    0.0004

#### Modelling options
# .CTR values (pollock from MODELA10_A.CTR, mackerel from ATKA03.CTR, cod assigned)
#
# SrType Stock recruit type, a single value used for all spp
2
# steepnessprior (by sp)
0.7 0.8 1.0
#cvsteepnessprior (by sp)
0.2 300 300
#phase_srec (single value)
-6
#sigmarprior(by sp)
0.5 0.6 0.5
#cvsigmarprior (by sp)
0.05 15.0 15.0
#phase_sigmar (single value)
-5
#styr_rec_est (by sp)
# mackerel recruit estimates started in 1977 in assessment
1983 1979 1983

#natmortprior (by sp)
0.3 0.3 0.37
#cvnatmortprior (by sp)
0.1 0.05 0.1
# natmortphase2 phase M
1 1 1
#qprior (by srv)
1.0 1.0 1.0
#cvqprior (by srv)
0.1 0.1 0.1
#phase_q (by srv)
-6 -4 -4
#q_age_min (by srv)
4 4 4
#q_age_max (by srv)
12 10 10
#cv_catchbiomass (by srv)
0.05 0.05 0.05
#sd_ration
0.05 0.05 0.05

# Phases
# phase_M
6
# phase_Rzero
1
# phase_fmort
2
# phase_fmort1
1
# phase_LogRec
-9
# phase_RecDev
2
# phase_SelFshCoff
4
# phase_SelSuvCoff
4
# Phasepred1 (log_gam_a, log_gam_b)
1
# PhasePred2 (H_1, H_2, H_3)
1
# Phasepred3 (Q_other)
8

### Fishery Selectivity
#fsh_sel_opt (by fsh)
#1 == non-parametric age specific selectivity
1 1 1 1 1
#nselages_in_fsh (by fsh)
12 10 10 10 10
#curv_pen_fsh (by fsh)
0.2 0.4083 0.2 0.2 0.2
#seldec_pen_fsh (by fsh)
200 1000 1000 1000 1000
# Change in fishery selectivity
#matrix: rows == fishery; columns == start year : end year
#values > 0 enable time-varying selectivity blocks
#  and determine the prior on smoothness for time-varying selectivity
#  implemented in the likelihood function as lambda_{selectivity}
#sel_change_in_fsh (by fsh)
0 0 0 0 0 0 0 0 0 0 0 0 0 0 0 0 0 0 0 0 0 0 0 0 0
0.7 0.7 0.7 0.7 0.7 0.7 0.7 0.7 0.7 0.7 0.7 0.7 0.7 0.7 0.7 0.7 0.7 0.7 0.7 0.7 0.7 0.7 0.7 0.7 0.7
0 0 0 0 0 0 0 0 0 0 0 0 0 0 0 0 0 0 0 0 0 0 0 0 0
0 0 0 0 0 0 0 0 0 0 0 0 0 0 0 0 0 0 0 0 0 0 0 0 0
0 0 0 0 0 0 0 0 0 0 0 0 0 0 0 0 0 0 0 0 0 0 0 0 0

### Survey Selectivity
#srv_sel_opt (by srv)
#1 == non-parametric age specific selectivity
#2 == asymptotic logistic selectivity
 1 1 1

#matrix: rows == survey; columns == start year : end year
#values > 0 enable time-varying selectivity blocks
#  and determine the prior on smoothness for time-varying selectivity
#  implemented in the likelihood function as lambda_{selectivity}
# sel_change_in_srv (by srv)
0 0 0 0 0 0 0 0 0 0 0 0 0 0 0 0 0 0 0 0 0 0 0 0 0
0 0 0 0 0 0 0 0 0 0 0 0 0 0 0 0 0 0 0 0 0 0 0 0 0
0 0 0 0 0 0 0 0 0 0 0 0 0 0 0 0 0 0 0 0 0 0 0 0 0
#nselages_in_srv
10
#curv_pen_srv (gets converted to "8" in code)
0.25
#seldec_pen_srv
1000.1
#nselages_in_srv
10
#curv_pen_srv (gets converted to "8" in code)
0.25
#seldec_pen_srv
1000.1
#nselages_in_srv
10
#curv_pen_srv(C) (gets converted to "8" in code)
0.25
#seldec_pen_srv(C)
1000.1

# End of file
999
