# Number of parameters = 641 Objective function value = 51465.1  Maximum gradient component = 56.3167
# MEst:
 0.349510 0.0907929 0.102236
# log_gam_a:
 0.000124708 0.862085 2.88758
# log_gam_b:
 0.396046 3.66379 -2.71791
# Q_other_est[1]:
 4.48080 9.42683 7.20677 6.39161 5.90296 5.48559 5.23259 4.95076 4.59061 4.48769 4.31322 3.80652 3.55998 3.81583 3.58698 3.68063
# Q_other_est[2]:
 8.96382 11.8768 11.8401 11.8140 11.7738 11.6988 11.6466 11.6013 11.5553 11.4983 11.5015 11.5325 11.4889 11.4642 11.4982 11.1101
# Q_other_est[3]:
 9.31874 15.9999 15.7993 15.7260 15.4868 15.0729 15.2948 14.3653 13.8902 14.0060 13.8360 14.3847 13.7053
# logH_1:
 -7.51502 -8.93991 -10.0275 -3.79636 -6.98036 -7.41231 -7.72603 -9.83108 -8.30809 -6.95935 -7.31275 -14.4210
# logH_1a:
 -108.861 -7.26632 -15.8005
# logH_1b:
 182.773 -128.696 -72.9293
# logH_2:
 -9.38602 3.44355 -36.3374 2.40932 -16.4951 16.5915 1.13242 -18.3441 16.2475
# logH_3:
 -9.00000 -9.00000 -9.00000 -9.00000 -9.00000 -9.00000 -9.00000 -9.00000 -9.00000
# H_4:
 1.00000 1.00000 1.00000 1.00000 1.00000 1.00000 1.00000 1.00000 1.00000
# steepness:
 0.700000 0.800000 1.00000
# log_Rzero:
 12.3548 7.94460 3.78585
# rec_dev:
 0.144077 0.0633527 -0.209550 -0.485736 0.213613 -0.199051 0.310106 -0.656861 0.0617181 -0.199789 -0.166601 -0.236745 -0.00881756 -0.252006 -0.0930308 -0.201367 -0.288146 -0.436243 -0.669850 -0.220649 0.444299 0.410043 -0.464279 -0.700270 -0.814834 -0.448897 -0.480648 -0.464911 -0.328746 -0.406904 -0.647400 -0.744288 -0.964655 -1.40507 -1.51318 -1.06075 -0.0845669 -0.370741 0.712828 -0.606521 0.0338341 -0.114978 -0.188631 -0.268065 -0.160259 -0.211103 -0.171357 -0.907435 -0.857617 0.436522 -0.591931 -0.532378 -0.485403 -0.0644132 -0.645571 -0.540297 -0.633721 -0.503539 -0.885339 -0.586323 -0.0158322 -0.0916870 -0.299980 -0.606167 -0.132714 -0.259242 -0.235963 0.133436 0.367816 0.0426238 -0.400046 -0.0267336 -1.12805 -1.39369 -0.527163 0.737772 0.529049 -0.0966308 -0.905960 -0.114830 -0.417921 -0.438834 -0.137343 -0.225204 -0.00816219 1.28521 -0.596895 -0.934774 -1.03478 -0.824774 0.287180 -0.356056 -0.702913 -0.126236 -0.794541 -1.02609 0.242948 0.0164112 -0.396926 -0.151368 0.165488 -0.778960 0.221794 0.151965 -0.336477 -0.0157268 0.283019 0.0405954 0.218484 -0.308136 -0.227071 -0.615311 -0.170102 0.0312777 -0.0692234 -0.817149 -0.0552226
# log_sigmar:
 -0.693147 -0.510826 -0.693147
# log_selcoffs_fsh:
 -9.25641 -7.21099 -5.25872 -3.49186 -1.86552 -0.521925 0.239955 0.447952 0.485898 0.625784 0.817608 0.962488 -6.77701 -5.03256 -3.31483 -2.00339 -0.728801 -0.323261 0.174670 0.624367 0.945148 1.09185 -6.61635 -5.03343 -3.67667 -2.43801 -1.54629 -0.527309 0.0581448 0.657451 1.09371 1.13297 -6.65668 -5.37268 -4.02811 -2.68181 -1.41639 -0.468399 0.229093 0.820440 1.00230 1.02386 -6.34267 -5.04567 -3.67137 -2.27757 -1.01308 -0.0533149 0.347560 0.539880 0.905542 1.08025 -6.28043 -4.79438 -3.26654 -1.90300 -0.753264 0.0576695 0.302601 0.627214 0.895457 0.956153 -6.40169 -4.72064 -3.04257 -1.55608 -0.708019 0.0913323 0.572134 0.621014 0.759503 0.861784 -6.54414 -4.46998 -2.55714 -0.758353 0.110168 0.150978 0.295509 0.426035 0.552678 0.936772 -6.65489 -4.76154 -2.79011 -1.00238 -0.192888 0.144907 0.434556 0.495844 0.710720 0.857658 -6.73636 -4.95916 -3.12283 -1.41348 -0.431626 0.0340275 0.312859 0.526183 0.898297 0.917482 -6.26185 -4.79090 -3.25121 -1.53268 -0.228540 0.168101 0.264396 0.554150 0.862162 0.852708 -6.18499 -4.53982 -2.94458 -1.54080 -0.516839 0.0623261 0.313090 0.589099 0.829873 0.954439 -6.22975 -4.53845 -2.72599 -0.986952 -0.0772285 0.0303392 -0.105370 0.340782 0.832045 1.09440 -6.34293 -4.67195 -3.04557 -1.55957 -0.369534 0.189481 0.196639 0.225125 0.858321 1.09912 -6.02600 -4.52760 -3.12073 -1.93366 -1.01266 -0.231372 0.353584 0.667590 0.868068 1.05971 -6.04805 -4.56095 -3.14714 -1.92575 -1.05356 -0.452889 0.239220 0.872778 0.988639 0.900855 -6.24855 -4.69311 -3.17967 -1.76215 -0.703285 0.0229151 0.503190 0.706386 0.854300 0.800962 -6.30006 -4.46276 -2.71967 -1.10960 0.207898 0.473935 0.286438 0.468935 0.575694 0.715115 -6.16920 -4.46684 -2.82561 -1.27876 -0.316697 0.306068 0.456719 0.561430 0.702348 0.793896 -6.05572 -4.41722 -2.86902 -1.56894 -0.650396 -0.0916466 0.309417 0.728824 0.831002 0.938546 -6.24663 -4.61713 -3.10481 -1.83231 -0.643301 0.250338 0.297514 0.522302 0.780787 1.01505 -6.48628 -4.78778 -2.99909 -1.28076 0.199757 0.558672 0.377963 0.417659 0.560446 0.674588 -6.95911 -4.91487 -2.90591 -1.26044 -0.0356506 0.500740 0.725240 0.528669 0.449509 0.537159 -7.03572 -5.16897 -3.20318 -1.06851 0.284077 0.604381 0.596300 0.420640 0.405829 0.476261 -6.55853 -4.75369 -3.02201 -1.57993 -0.162096 0.383931 0.650236 0.593299 0.596641 0.629845 -6.25541 -4.60829 -3.04461 -1.68030 -0.604231 0.141091 0.557647 0.732697 0.765577 0.732508 -4.64155 -3.56446 -2.48930 -1.47513 -0.532730 0.242839 0.492188 0.655978 0.743745 0.752251 -4.86895 -3.74022 -2.59156 -1.49095 -0.436796 0.181721 0.546507 0.801843 0.732510 0.579589 -4.94318 -3.67912 -2.50397 -1.31211 -0.254584 0.540286 0.871403 0.700841 0.466462 0.116774
# log_q_srv[1]:
0.00000000000
# log_q_srv[2]:
0.00000000000
# log_q_srv[3]:
0.00000000000
# log_selcoffs_srv:
 -11.0330141222 -7.67450037961 -4.64677690167 -2.31755976128 -1.04567141822 -0.418358199064 -0.258238532169 -0.0584342778100 0.688135621259 1.64438555733 -6.22931859566 -3.72951096232 -1.39967520374 -0.125435755479 0.275408692718 0.361928075006 0.450782236509 0.554182502846 0.414464772040 0.234112900192 -2.97236641107 -1.46284094962 -0.242867593452 0.391539523561 0.630936883724 0.606441277112 0.526418342135 0.244923017796 -0.617452182267 -1.46841239286
# fmort_dev_est:
 -1.02589304005 0.859565990590 0.992964525154 1.12910129539 1.05386727217 -0.0251619156833 -2.05738825440 -2.33278653456 -0.986967961700 -2.58040574713 0.527431311715 -2.46673238267 0.456862878996 1.15255962237 0.257700301081 2.61876149191 2.15398288404 2.48487245649 2.77238715507 -0.680893734959 -0.395031614471 -0.999886288532 -1.48843507140 -1.42392685112 1.26335630762 1.20260515545 0.587915113967 -0.167293626740 -1.07913718680 -0.132364007314 0.143461033800 0.107994677589 0.338109126496 -0.233840934636 -0.584067666988 -0.576248849582 -0.578936928038 -0.126577366470 0.0723689292842 -0.122409310243 -0.0702449411794 0.401350557202 0.382177535657 0.363829605556 -0.105410015803 -0.258828359118 0.0573943837969 -0.393561624475 -0.490939811201 -1.19540011522 -1.06630270204 -0.997020437702 -1.12879768582 -1.24815588991 -1.04818069532 -0.333568845514 -1.25028424346 -1.40964073464 -0.910858152965 -1.61710345687 -0.0937579550239 0.241510212657 0.164499193011 -0.0967887753248 0.715407007993 0.634795477716 0.959835522763 0.911603442456 1.36762097984 1.43058468287 2.52829565598 3.44230106299 -5.85681565383 -1.31655115415 -2.34406215672 -2.80135967336 -3.83070590992 2.28508765087 3.08232931246 -0.435172720087 1.56244371386 3.16737608374 1.20948669075 1.08834876561 3.41791245623 3.41190867607 1.99975656715 -1.85482805105 -2.78456172787 -2.25439494346 -1.68728364237 -1.87276097922 -1.18315599610 -1.07858770154 -7.67059513088 -4.51371979566 -2.69673766156 -2.03488610259 -1.29842254916 0.396380916553 2.42968349911 2.30203915168 1.51758275565 1.18406511527 1.47865113345 1.81836485613 2.59978010726 2.12412344814 3.02400530142 3.41093243188 2.10915398617 1.89630853965
# log_avg_fmort:
 -3.26179302291 -1.02594073756 -3.19828694474 -7.13383073725 -5.05274746145
# dummy:
0.00000000000
# dummy2:
0.00000000000
