# Number of parameters = 641 Objective function value = 4236.05  Maximum gradient component = 151609.
# MEst:
 0.320058 0.0211495 0.108036
# log_gam_a:
 0.00323373 0.878352 2.88080
# log_gam_b:
 0.204771 2.78270 -2.71310
# Q_other_est[1]:
 -0.291988 9.68361 6.93466 6.08204 5.47347 5.30496 4.85768 4.51096 4.15689 3.93789 3.52983 3.27950 3.15043 2.83665 2.42499 2.63113
# Q_other_est[2]:
 0.0861741 15.1027 15.1026 15.0761 15.0231 14.9610 14.9068 14.8668 14.8142 14.7487 14.7164 14.6902 14.6579 14.6446 14.6698 14.5337
# Q_other_est[3]:
 1.30384 17.6116 17.4514 17.2851 17.2085 16.5975 16.9040 15.9386 15.3701 15.4269 15.6401 15.9112 15.3059
# logH_1:
 -7.36412 -8.49988 -9.75282 -2.75863 -6.55895 -6.98397 -7.82129 -13.0880 -8.07016 -6.77430 -7.66561 -16.0546
# logH_1a:
 -162.394 -14.8106 -119.113
# logH_1b:
 222.108 270.229 -23.1990
# logH_2:
 -9.37789 3.17383 13.9037 1.94586 -11.1632 13.0947 0.707428 -12.2497 6.57428
# logH_3:
 -9.00000 -9.00000 -9.00000 -9.00000 -9.00000 -9.00000 -9.00000 -9.00000 -9.00000
# H_4:
 1.00000 1.00000 1.00000 1.00000 1.00000 1.00000 1.00000 1.00000 1.00000
# steepness:
 0.700000 0.800000 1.00000
# log_Rzero:
 12.0346 8.02027 3.69563
# rec_dev:
 -0.800072 -0.228758 -0.0358524 -0.415477 -0.564858 -0.132404 -0.317652 0.229475 -0.197235 -0.740197 -0.506632 0.278341 -0.392990 -0.449767 0.133392 -0.0320424 -0.174421 -0.487798 -0.595570 -0.0819449 0.579840 0.562170 -0.243860 -0.519463 -0.656738 -0.227182 -0.241997 -0.232373 -0.0968485 -0.116853 -0.366228 -0.495152 -0.647122 -1.21216 -1.41935 -0.866389 -0.0818028 -0.404287 1.07929 -0.421127 -0.551444 -0.299516 -0.368283 -0.479758 -0.301536 -0.452954 -0.411286 -0.808008 0.447106 -0.884274 -0.737046 0.275284 -0.508475 -0.143119 -0.446162 -0.378470 -0.605667 -0.487807 -1.01228 -0.507889 0.0397673 -0.0351489 -0.308976 -0.617209 -0.0746514 -0.235544 -0.149283 0.230206 0.612280 0.293038 -0.124824 0.194848 -0.965659 -1.25081 -0.610648 0.423507 0.462449 -0.623990 -0.705438 -0.246357 -0.246390 -0.374170 -0.526655 -0.397191 0.591188 1.12314 -0.665113 -0.780465 -0.420106 -0.516028 0.0192482 -0.372598 -0.499633 -0.225362 -0.689328 -0.979974 -0.130813 0.306064 -0.536114 -0.178605 0.109526 -0.730888 0.113046 0.115304 -0.364083 -0.0482380 0.170810 -0.00371088 0.0568480 -0.386975 -0.243713 -0.727429 -0.237373 -0.243305 -0.213619 -0.396411 -0.234872
# log_sigmar:
 -0.693147 -0.510826 -0.693147
# log_selcoffs_fsh:
 -9.68161 -7.52671 -5.44156 -3.50480 -1.80734 -0.459141 0.284085 0.518881 0.605309 0.653625 0.737844 0.846171 -7.12579 -5.36968 -3.61270 -1.86469 -0.528101 -0.0837779 0.293449 0.636493 0.883501 0.978657 -6.97105 -5.18752 -3.45787 -1.89974 -0.810641 -0.183534 0.0911298 0.602113 0.986102 1.07213 -7.03625 -5.21541 -3.42836 -1.83142 -1.01874 -0.684104 0.0758546 0.915876 1.03374 0.941015 -6.99618 -5.27003 -3.61160 -2.06954 -0.671874 0.457573 0.677182 0.645933 0.646124 0.691125 -6.98031 -5.04907 -3.16649 -1.49290 -0.476856 0.185631 0.671992 0.780201 0.657921 0.627044 -7.01907 -5.01458 -3.12031 -1.48107 -0.272279 0.326372 0.653744 0.720007 0.617839 0.559974 -7.12838 -4.81353 -2.50598 -0.480507 0.237773 0.409122 0.380904 0.399109 0.492709 0.659947 -7.08614 -4.94542 -2.84763 -0.925336 -0.0894702 0.225271 0.393510 0.549268 0.722523 0.737078 -6.93034 -4.92497 -2.97914 -1.25123 -0.255419 0.186470 0.349059 0.525155 0.735752 0.908250 -6.95407 -4.90291 -2.89610 -1.04354 -0.00599164 0.290583 0.404415 0.545213 0.648365 0.755401 -6.76699 -4.78693 -2.91006 -1.32044 -0.196358 0.421928 0.534833 0.563022 0.622951 0.700573 -6.80082 -4.83404 -2.81764 -0.769382 0.414826 0.471503 0.158529 0.259416 0.531288 0.774147 -6.64501 -4.91576 -3.22106 -1.55854 -0.0336903 0.606396 0.532004 0.346367 0.540406 0.739698 -6.30298 -4.67323 -3.11108 -1.72357 -0.615525 0.140383 0.455422 0.624544 0.809859 0.866623 -6.20509 -4.58795 -3.04733 -1.70758 -0.689239 0.0156129 0.462617 0.678092 0.792134 0.913861 -6.41717 -4.73281 -3.08794 -1.52878 -0.440102 0.258473 0.501264 0.607849 0.742101 0.792916 -6.52485 -4.66663 -2.82906 -1.10629 0.120822 0.313991 0.303252 0.441783 0.662913 0.813821 -6.49122 -4.71532 -2.96480 -1.34675 -0.115644 0.228449 0.364961 0.577733 0.731606 0.788496 -6.44746 -4.63489 -2.89931 -1.39206 -0.333313 0.109359 0.420461 0.613478 0.775898 0.842516 -6.66508 -4.83128 -3.09167 -1.55431 -0.306308 0.273649 0.463674 0.588742 0.703058 0.811014 -7.01453 -4.95231 -2.95832 -1.22963 0.0319368 0.351682 0.399920 0.463940 0.644751 0.778744 -7.23522 -5.15589 -3.04179 -1.11189 -0.0912942 0.291671 0.408142 0.514648 0.693189 0.766475 -7.17999 -5.28800 -3.34536 -1.30532 -0.148610 0.355375 0.492988 0.616539 0.667876 0.666048 -6.82235 -5.04049 -3.31294 -1.73534 -0.470408 0.178817 0.531085 0.726259 0.749194 0.730040 -6.57089 -4.87829 -3.25670 -1.82105 -0.693460 0.0656519 0.506216 0.734284 0.811425 0.809721 -4.52192 -3.46632 -2.43392 -1.46557 -0.612336 0.0637586 0.529837 0.750154 0.772098 0.716007 -4.93609 -3.79360 -2.66142 -1.56253 -0.559708 0.243199 0.694312 0.800065 0.670277 0.499567 -4.70537 -3.47297 -2.25847 -1.10995 -0.134466 0.495626 0.751778 0.696691 0.463878 0.242680
# log_q_srv[1]:
0.00000000000
# log_q_srv[2]:
0.00000000000
# log_q_srv[3]:
0.00000000000
# log_selcoffs_srv:
 -11.0750704801 -7.25221578639 -3.99345054898 -1.74379330917 -0.584159531847 -0.450780665896 -0.376562758037 -0.0633221796532 0.665134860822 1.61864075407 -6.06526188515 -3.65211022178 -1.43060949120 0.114906132510 0.525619955355 0.541119757521 0.446149921208 0.372092572747 0.215725988501 -0.0343934151764 -2.47259160901 -1.21445043827 -0.254219578009 0.288138225029 0.576783739793 0.810676336927 0.643351203240 -0.0669439905682 -0.940785438089 -1.45808131274
# fmort_dev_est:
 -0.747247210871 0.915700321935 1.12700389709 1.23458496780 1.16087741169 0.0387792999655 -2.03960787692 -2.24636133928 -0.930583251336 -2.54625496854 0.572595606683 -2.45618861414 0.475017381933 1.17147082228 0.253646382008 2.45141464669 2.02992034404 2.36978162461 2.64793897980 -0.800158888287 -0.503184965498 -1.05725831125 -1.57591778630 -1.54232556107 1.04765007248 0.884718901324 0.427527947838 -0.670923945904 -1.40994270632 -0.308808060425 0.0509312753482 0.195390934431 0.452777653665 -0.228263348062 -0.752787160182 -0.858701329887 -0.832320524902 -0.207439697356 0.0256981073643 -0.0405950070215 0.179894254633 0.565058632311 0.442029106366 0.388630211780 0.230832910204 0.128725843255 0.401576592284 0.00284988375205 -0.129173327509 -1.38036363555 -1.21472738633 -1.15246107194 -1.24079985842 -1.31286135494 -1.08156499074 -0.336095229822 -1.21355398838 -1.34765451283 -0.841873782015 -1.55619466087 -0.0269801380238 0.311656675603 0.221885084425 -0.0245320734267 0.754031200385 0.677147752578 1.01421562158 0.960661315682 1.39018208891 1.47121047444 2.50703248153 3.42030657630 -5.90581929559 -1.32866826114 -2.32671683386 -2.77994883063 -3.79171648885 2.32182402730 3.10177158480 -0.405942468054 1.59260099633 3.18135470709 1.23216863493 1.09735729308 3.41622411966 3.41162330781 2.00080478666 -1.88133714495 -2.93921946290 -2.49656140009 -1.85292358039 -1.98673664450 -1.26612046029 -1.13349457143 -7.73533117092 -4.55184913338 -2.67348755154 -1.97189025579 -1.23463717842 0.438598597445 2.46537663067 2.36128154032 1.55700591765 1.25944598923 1.51726356511 1.84767208398 2.64342109458 2.20075256576 3.09223809935 3.52142538048 2.14876142630 1.84850630204
# log_avg_fmort:
 -3.29212821956 -1.02233043966 -3.27534091967 -7.16419978418 -5.17042306211
# dummy:
0.00000000000
# dummy2:
0.00000000000
