# Number of parameters = 641 Objective function value = 263327.  Maximum gradient component = 1.67701e+006
# MEst:
 0.404939 0.0200173 0.0708702
# log_gam_a:
 1.81903e-005 5.36854 2.86122
# log_gam_b:
 8.99014 9.84322 -2.68063
# Q_other_est[1]:
 5.38374 9.46921 7.71590 6.81874 6.07614 5.82024 5.61175 5.56546 4.42329 4.37742 4.15758 4.14271 3.91505 4.44402 4.42065 3.95599
# Q_other_est[2]:
 9.50051 8.18903 7.54558 7.06499 6.66503 6.09197 5.71532 5.45957 5.24584 4.93519 4.84292 4.83742 4.71365 4.57975 4.66093 4.07534
# Q_other_est[3]:
 2.00014 4.98392 4.63013 4.65492 4.37129 3.85080 4.04539 3.05207 2.44830 3.07656 2.17485 2.84836 2.58898
# logH_1:
 -7.79301 -8.96785 -8.90237 -3.84025 14.4405 14.1943 -0.848576 -3.40199 -8.73345 -6.90009 -7.36948 -2.96053
# logH_1a:
 60.0907 -0.177515 -27.9508
# logH_1b:
 -60.4180 6.45266 -28.0857
# logH_2:
 -9.00060 -8.99941 -8.99985 -9.00006 -9.00002 -8.99999 -8.99959 -9.00048 -8.99986
# logH_3:
 -9.00000 -9.00000 -9.00000 -9.00000 -9.00000 -9.00000 -9.00000 -9.00000 -9.00000
# H_4:
 1.00000 1.00000 1.00000 1.00000 1.00000 1.00000 1.00000 1.00000 1.00000
# steepness:
 0.700000 0.800000 1.00000
# log_Rzero:
 12.4439 6.69772 3.26766
# rec_dev:
 0.158001 0.375537 0.868924 0.140086 1.75256 -0.193986 -0.194237 1.46166 1.44176 1.14551 -0.464381 -0.187618 -0.868190 -2.33969 -1.41772 0.655448 -0.381454 -0.148313 -1.72563 -0.0628663 1.82291 1.98276 -1.10004 -1.85928 -2.42018 -1.74822 -1.86646 -1.97245 -0.978593 -1.59076 -2.97567 -2.79707 -4.33277 -5.22814 -6.48237 -4.19035 -1.80062 0.677431 1.99952 -2.66573 -1.06285 -1.50291 -0.972175 -0.693596 -0.940887 -0.233071 -0.268951 -1.42832 -3.24182 -2.24027 -0.529683 1.32369 -1.20778 1.45595 -0.393796 0.134701 -0.361842 0.271585 -0.462998 0.0354530 1.32486 1.13090 0.323584 0.0263738 0.712436 0.104401 0.236645 0.481270 0.701835 0.276263 -0.260324 0.188203 -1.02573 -1.14572 0.00873808 0.909514 1.10292 1.91084 0.495975 1.99937 -0.340918 -0.186545 -0.191195 -0.192923 -0.262207 0.0301685 -0.328290 1.93235 -0.117742 -0.744431 1.99973 -0.895442 -2.34064 1.58906 -2.24847 -1.70421 1.12229 1.05125 -0.295867 -0.179903 0.673054 -2.29544 0.220329 0.329823 -1.50850 -0.457127 0.330321 0.0609212 0.214125 -1.01964 -0.875171 -1.25544 -0.708907 -0.731768 -0.542182 -1.49638 0.625586
# log_sigmar:
 -0.693147 -0.510826 -0.693147
# log_selcoffs_fsh:
 -8.11674 -7.05821 -5.68635 -4.18822 -2.44362 -0.910187 0.0137693 0.266514 0.402405 0.700689 0.911581 1.11811 -6.42772 -4.83920 -2.91209 -1.47939 -0.0697154 -0.0834923 0.156911 0.170286 0.603091 1.40747 -6.31523 -4.71272 -3.67957 -2.43938 -1.34504 0.0176895 0.172443 0.257999 0.723236 1.38952 -7.05681 -6.07097 -4.73627 -3.31397 -1.96819 -0.629768 0.322654 0.868418 0.993750 1.03674 -6.86394 -5.98863 -4.71517 -3.20673 -1.94956 -1.02893 -0.299989 0.244107 1.48095 1.08470 -6.93777 -5.74192 -4.11752 -2.75209 -1.58752 -0.769465 -0.728194 -0.0354351 1.00461 1.54884 -7.23873 -5.68938 -3.92284 -2.03849 -1.44209 -0.447747 0.0427628 -0.0988184 0.629761 1.69162 -7.23245 -4.90001 -3.12483 -1.11054 -0.0471940 -0.143821 0.132053 0.182439 0.232995 1.45014 -7.18312 -5.42881 -3.11011 -1.00024 -0.577353 -0.133066 0.545438 0.468070 0.811676 0.902186 -7.89087 -6.05492 -3.83132 -1.77805 -0.939156 -0.837814 -0.359403 0.301146 1.26761 1.08679 -6.87332 -5.89973 -4.53861 -2.30007 -0.907616 -0.820341 -1.25936 -0.462596 1.23620 1.55207 -7.37848 -6.18765 -5.01003 -4.04269 -3.34731 -2.65304 -1.19316 0.706148 1.36390 1.12398 -6.95295 -5.95381 -4.19731 -2.09280 -1.09405 -0.907298 -1.28066 -0.629094 0.689710 1.79428 -7.39730 -5.81120 -4.07033 -2.50863 -1.14463 -0.383556 -0.314836 -0.568310 0.479156 1.67559 -6.53174 -5.22852 -3.99165 -2.96737 -2.01515 -1.08643 -0.491996 -0.227293 0.368908 1.89390 -7.03992 -5.60723 -4.18312 -2.90734 -1.88254 -0.781938 0.334391 1.12613 0.990141 0.783919 -6.96247 -5.31202 -3.60273 -1.87489 -0.785804 0.0638039 0.362859 0.489919 0.883612 0.799536 -6.65773 -4.57676 -2.76437 -1.09123 0.408411 0.582210 0.224326 0.388243 0.251516 0.453153 -6.48169 -4.90864 -3.28932 -1.28082 -0.304433 0.453910 0.442683 0.610952 0.534263 0.530702 -5.95933 -4.39793 -3.00069 -1.98778 -1.62954 -1.26231 -0.294441 0.798933 0.727884 1.38673 -6.43481 -4.79705 -3.27414 -2.10217 -0.894557 0.302000 0.182786 0.399623 0.664152 1.29958 -5.85259 -4.84204 -3.19753 -1.43329 0.453688 0.679252 0.356054 0.511475 0.512420 0.359813 -7.11262 -4.78270 -2.68200 -1.13580 0.173444 0.599939 0.758516 0.473211 0.323028 0.286953 -7.87141 -5.49868 -2.98362 -0.734052 0.665692 0.719816 0.678115 0.0785516 0.161830 0.122966 -7.48045 -5.08531 -2.62111 -0.849062 0.260031 0.547155 0.865867 0.500160 0.275077 0.292822 -6.78156 -4.83049 -3.12720 -1.82669 -0.859954 0.0887271 0.676990 0.869129 0.825399 0.619387 -4.48312 -3.83595 -2.86888 -1.68090 -0.648763 0.266539 0.405027 0.815330 0.865232 0.360768 -4.62317 -3.87493 -2.82449 -1.73751 -0.418932 0.157236 0.512568 1.01619 0.812562 0.259925 -4.88451 -3.81146 -2.90863 -1.60955 -0.363997 0.436184 0.875426 0.755720 0.685457 -0.316408
# log_q_srv[1]:
0.00000000000
# log_q_srv[2]:
0.00000000000
# log_q_srv[3]:
0.00000000000
# log_selcoffs_srv:
 -11.4854010643 -8.22633875214 -5.18390839074 -2.80408009682 -1.64093808714 -0.870974972136 -0.725407830047 -0.382581740859 0.582104470390 1.84683519857 -6.08005079225 -3.89284159259 -1.44340735603 -0.267629159313 0.0878777557437 0.377728041671 0.499677621022 0.584884464921 0.434635770959 0.170863547304 -2.19067555283 -1.41981335950 -0.494704756696 0.180189313659 0.573516212171 0.626527152536 0.478121822599 0.408552357640 -0.435526672787 -1.54362507697
# fmort_dev_est:
 -1.23686105616 0.762154512357 1.02948948552 1.29594182053 1.21731544639 0.159013689942 -1.82896244538 -2.01163213108 -0.645435551138 -2.19687032708 0.766685844771 -2.17418721670 0.658646393710 1.28804038352 0.420036710482 3.08759375389 2.39110246984 2.55295629614 2.65717107252 -1.20735490893 -0.990404795354 -1.60921146842 -2.12662945013 -2.10204409362 1.34059840057 1.33560733357 1.14191374632 0.851920420463 0.325551884051 1.18471098739 0.850581164123 0.347748495384 1.06758103449 1.17470993796 1.18771075419 1.00713921585 0.424822125604 1.00163173175 -0.239895854127 -0.322552124961 -0.354734893016 0.0217697446272 0.649784077895 0.232839583124 -0.775822872670 -0.926686183128 -0.750907439143 -1.30832173697 -0.781741593771 -0.686815302663 -0.682163721788 -0.521457527189 -0.753607201259 -1.02489332861 -0.820461230289 -0.276678859884 -1.25486940813 -1.31930588953 -0.903781859096 -1.60951164880 -0.0970139022864 0.231783948432 0.113726561848 -0.125106204497 0.691415620926 0.562324217764 0.906584444886 0.869823460674 1.34362936275 1.28013222212 2.52402912319 2.68813328799 -5.54186582399 -1.19442363506 -2.24583149561 -2.60264734163 -3.68631413034 2.41219813056 3.21590286825 -0.351202846466 1.65627607386 3.24389056903 1.24661049043 1.13306758548 3.44451332265 3.40151652063 1.92763000732 -1.95215399475 -3.25423413839 -2.00898268020 -1.54065514597 -1.54547463137 -0.931727587294 -1.00614940724 -7.63649225638 -4.54868519547 -2.79751573081 -1.90979148277 -1.22230426952 0.409220667293 2.42286948579 2.29083724602 1.49994267653 1.14432784049 1.46429255724 1.73940710748 2.53016013827 2.03769791759 2.98224713634 3.25643181925 1.94602713002 1.28951167134
# log_avg_fmort:
 -3.57734066498 -0.912952954448 -3.12408588343 -7.15820421112 -4.90625686839
# dummy:
0.00000000000
# dummy2:
0.00000000000
