# Number of parameters = 641 Objective function value = 51443.0  Maximum gradient component = 9097.43
# MEst:
 0.353237 0.141733 0.0881532
# log_gam_a:
 1.33645e-006 0.993598 2.89610
# log_gam_b:
 0.214633 0.842784 -2.73246
# Q_other_est[1]:
 4.63542 9.37017 7.22986 6.38221 6.02051 5.61072 5.30081 4.92349 4.68561 4.51479 4.33735 4.17713 3.56019 3.61205 3.44701 3.33720
# Q_other_est[2]:
 0.768682 15.5739 15.5621 15.5411 15.4568 15.3849 15.3516 15.3049 15.2559 15.1951 15.1607 15.1435 15.1093 15.0641 15.1664 14.4355
# Q_other_est[3]:
 10.7112 17.9540 17.7571 17.6295 17.5929 17.0418 17.1938 16.3586 15.8925 15.7512 15.8478 16.1026 15.5973
# logH_1:
 -8.33161 -9.96361 -9.92195 -4.52478 -6.83913 -7.38426 -7.80815 -13.5590 -8.25988 -7.17303 -7.39623 -16.4485
# logH_1a:
 0.213937 -432.330 -3.00986
# logH_1b:
 5.34260 284.578 48.4278
# logH_2:
 -10.5130 3.77779 4.44702 2.18415 0.655146 10.0227 1.05410 -16.6637 15.3997
# logH_3:
 -9.00000 -9.00000 -9.00000 -9.00000 -9.00000 -9.00000 -9.00000 -9.00000 -9.00000
# H_4:
 1.00000 1.00000 1.00000 1.00000 1.00000 1.00000 1.00000 1.00000 1.00000
# steepness:
 0.700000 0.800000 1.00000
# log_Rzero:
 12.3860 8.26310 4.08056
# rec_dev:
 0.629978 -0.216745 -0.0706075 -0.480305 0.288076 -0.146767 -0.142722 -0.711080 0.0919054 -0.241822 -0.690334 -0.158695 -0.103803 -0.401357 0.323692 0.162195 -0.203390 -0.630186 -0.654263 -0.155625 0.431643 0.488861 -0.239736 -0.424458 -0.492782 -0.169305 -0.195263 -0.212785 -0.123304 -0.198722 -0.438998 -0.512877 -0.691504 -1.29584 -1.26104 -0.909831 0.0236672 -0.114023 0.827391 -0.552032 0.190634 -0.546694 0.0657375 0.0587879 0.0554599 -0.279048 -0.136484 -1.08327 -0.829234 0.471432 -0.341249 -0.578437 -0.0331467 -0.347837 -0.388606 -0.335689 -0.484430 -0.439832 -0.729945 -0.499804 -0.108427 -0.161438 -0.286945 -0.384643 -0.0504173 -0.0810772 -0.0879772 0.0766941 0.188640 0.0340535 -0.0698660 0.000635247 -0.468522 -0.619442 -0.368690 0.298622 0.300738 -1.19385 -0.185385 -0.431989 -0.172697 -0.129964 -0.192076 -0.273289 0.437720 0.351620 -0.236153 -0.401656 -0.478717 -0.00767462 0.112504 -0.273051 -0.214703 -0.213748 -0.630583 -0.883278 0.0188352 0.0913653 -0.291992 -0.0876810 0.0106757 -0.551299 0.0953283 0.158950 -0.487740 0.0225792 0.181668 -0.0204808 0.0922210 -0.295165 -0.331856 -0.703174 -0.309126 -0.0694585 0.0349304 -0.888503 -0.530189
# log_sigmar:
 -0.693147 -0.510826 -0.693147
# log_selcoffs_fsh:
 -9.86862 -7.74323 -5.63883 -3.65442 -1.92460 -0.565437 0.241662 0.467492 0.462380 0.674904 0.859449 0.958801 -6.23129 -4.95891 -3.52474 -1.76928 -0.543397 0.0630303 0.342418 0.596454 0.835325 0.960164 -6.68951 -4.96604 -3.20108 -1.75427 -0.850022 -0.181265 0.125994 0.633139 0.951813 1.05687 -7.01221 -5.26231 -3.55303 -2.04740 -0.893112 -0.173197 0.405318 0.766767 0.883543 0.945058 -6.88545 -5.25916 -3.68974 -2.12833 -0.762589 0.163898 0.515177 0.655227 0.829477 0.835397 -6.80767 -5.15638 -3.47001 -1.87767 -0.762052 0.167030 0.515974 0.794681 0.752953 0.733444 -7.07701 -4.94047 -2.90354 -1.33072 -0.473972 0.175867 0.620183 0.609143 0.692800 0.739399 -7.26376 -5.01588 -2.74501 -0.832335 0.0292167 0.310063 0.558216 0.569509 0.424720 0.698210 -6.95005 -4.81909 -2.95266 -1.46512 -0.567905 -0.00704165 0.357718 0.644199 0.767746 0.960825 -6.77896 -4.95166 -3.12389 -1.46074 -0.497964 0.137020 0.298603 0.330222 0.716168 1.15688 -6.17728 -4.48671 -2.84262 -1.20233 -0.206076 0.266873 0.205915 0.449404 0.723087 0.965861 -6.13822 -4.45864 -2.87351 -1.51263 -0.462048 0.193960 0.442104 0.586482 0.752110 0.868062 -6.26197 -4.42459 -2.73031 -1.22772 0.0760291 0.355819 0.139682 0.318293 0.716993 0.933335 -6.45061 -4.80193 -3.18759 -1.61459 -0.236769 0.457116 0.488103 0.452869 0.617064 0.843349 -6.06675 -4.54486 -3.08274 -1.79045 -0.763276 0.0297668 0.397469 0.653134 0.839669 0.957718 -5.95186 -4.43925 -2.99387 -1.74847 -0.802958 -0.165146 0.412678 0.660712 0.862927 0.980917 -6.12554 -4.42778 -2.93109 -1.75024 -0.615375 0.241901 0.410760 0.486510 0.771909 0.990696 -6.32396 -4.51742 -2.81214 -1.35357 -0.234908 0.134499 0.177857 0.443282 0.749620 1.03347 -6.34941 -4.57023 -2.81889 -1.35348 -0.432703 0.115336 0.448962 0.657443 0.720158 0.847569 -6.01852 -4.36557 -2.77227 -1.46592 -0.600962 -0.0546956 0.313333 0.692220 0.884258 0.863718 -6.05027 -4.39291 -2.89170 -1.62574 -0.615410 0.190407 0.533810 0.667892 0.706146 0.839491 -6.55162 -4.58079 -2.61096 -1.04663 -0.137121 0.384334 0.497645 0.313591 0.594073 0.880356 -6.90126 -5.07220 -3.12642 -1.36170 -0.302655 0.266429 0.413819 0.379089 0.760136 0.920379 -7.34501 -5.50197 -3.52775 -1.45862 -0.372988 0.154406 0.431479 0.746465 0.827218 0.655585 -7.13220 -5.36544 -3.66606 -2.03629 -0.552952 0.0729645 0.588236 0.724261 0.728310 0.785056 -6.89860 -5.23171 -3.60626 -2.12470 -0.921381 -0.0592561 0.482587 0.762507 0.858238 0.865065 -4.81460 -3.60793 -2.54611 -1.53249 -0.490499 0.257702 0.603654 0.725060 0.672477 0.654893 -5.44303 -4.01545 -2.68077 -1.55864 -0.532684 0.298237 0.729313 0.833500 0.630034 0.385789 -4.65933 -3.50845 -2.37127 -1.26536 -0.220475 0.453286 0.828436 0.711177 0.491534 0.202440
# log_q_srv[1]:
0.00000000000
# log_q_srv[2]:
0.00000000000
# log_q_srv[3]:
0.00000000000
# log_selcoffs_srv:
 -10.5118270405 -7.22094378742 -4.35091370647 -2.18590629476 -0.999137573808 -0.554902552200 -0.396469554662 -0.0131977562302 0.687579585633 1.66718331812 -6.35568592167 -3.74783787318 -1.36731707475 -0.0451207532572 0.299366410200 0.313395267696 0.271727752365 0.427685217560 0.552119435751 0.372534485441 -3.11923261020 -1.38204039211 -0.170407490034 0.386562496819 0.689808316640 0.644429013044 0.342091082735 0.127156455214 -0.447256503673 -1.20202772794
# fmort_dev_est:
 -1.08442138499 0.701789712483 0.766608537736 0.883849016242 0.924394727749 -0.0793869215758 -2.06884607885 -2.33276512457 -0.965696801385 -2.50557691860 0.595454580752 -2.42502237134 0.468307924733 1.12176800898 0.249221996610 2.56679890019 2.15151039932 2.50070287470 2.79795123566 -0.600325922675 -0.270021297233 -0.854178775035 -1.35114742467 -1.24717257542 0.738754506758 0.607104685820 0.107554897619 -0.469502588642 -1.27296171110 -0.125042947367 0.0956611890948 0.364253889948 0.579338961387 -0.214544031212 -0.704749514125 -0.783366239372 -0.846656866646 -0.201860013126 0.0565512159287 0.0177110664820 0.309216634498 0.565667888768 0.338421138243 0.191643974338 0.122003092636 0.110968270784 0.363446210415 0.0234780241038 -0.0574360867506 -1.22463744837 -1.09022329745 -1.07293655149 -1.17848141480 -1.27695552092 -1.07554858568 -0.360220658904 -1.26203153438 -1.43330874476 -0.937372331022 -1.62799208697 -0.0898243604254 0.241360348381 0.194899847071 -0.0598445941579 0.758980576176 0.635767545131 0.940323980360 0.859276031443 1.31132665564 1.37334576528 2.47207668705 3.37964535213 -5.82898259986 -1.28284862474 -2.31173239962 -2.79920027685 -3.82472649791 2.30227916786 3.10931435162 -0.398176711661 1.59663015846 3.20227880029 1.24055859050 1.09242606859 3.37255677815 3.33180143006 1.90873669009 -1.93686497625 -2.86281306653 -2.31829238108 -1.71586664358 -1.92117488669 -1.20984826936 -1.09897295990 -7.69594090372 -4.53936752680 -2.68618327931 -2.01016029173 -1.27484872341 0.417650279217 2.45016461422 2.33593452739 1.57579390714 1.25392250091 1.52600298490 1.84078488871 2.59770839607 2.13317102626 3.04842671289 3.45359421538 2.12705923084 1.95329219492
# log_avg_fmort:
 -3.30998120261 -1.12878296716 -3.13496287822 -7.05562927160 -5.07044034098
# dummy:
0.00000000000
# dummy2:
0.00000000000
