# Number of parameters = 641 Objective function value = 477.964  Maximum gradient component = 461728.
# MEst:
 0.250056 0.127230 0.128509
# log_gam_a:
 0.209892 3.98349 2.64270
# log_gam_b:
 0.806197 -4.58432 -2.44768
# Q_other_est[1]:
 5.35686 8.37837 7.96580 7.75289 7.62108 7.51763 7.44796 7.29743 7.22052 7.14474 7.09114 7.14298 7.17748 7.15648 7.15391 7.08155
# Q_other_est[2]:
 -2.26590 12.4060 12.5120 12.5054 12.4963 12.4740 12.4308 12.3628 12.2955 12.2826 12.3066 12.3249 12.3718 12.3998 12.4332 12.4334
# Q_other_est[3]:
 6.54059 11.2973 11.1847 11.0227 10.7256 10.4791 10.2068 10.0531 9.91993 9.79351 9.67778 9.71472 9.65803
# logH_1:
 -7.23206 -7.90315 -7.49000 -6.48260 -7.66501 -9.38894 -8.12775 -10.6357 -6.75216 -6.70404 -7.81096 -9.80891
# logH_1a:
 -4.33586 10.9514 -3.46435
# logH_1b:
 12.9867 -11.9936 -9.97356
# logH_2:
 -14.1313 -1.19697 -0.847484 4.00054 -70.1173 -1.67277 -43.8621 -14.0733 -14.4876
# logH_3:
 -9.00000 -9.00000 -9.00000 -9.00000 -9.00000 -9.00000 -9.00000 -9.00000 -9.00000
# H_4:
 1.00000 1.00000 1.00000 1.00000 1.00000 1.00000 1.00000 1.00000 1.00000
# steepness:
 0.700000 0.800000 1.00000
# log_Rzero:
 8.94541 7.36393 5.02995
# rec_dev:
 -0.372660 0.173043 -0.362394 0.238887 -0.219123 0.136067 -0.420141 0.464169 -0.217889 -0.0535029 -0.231557 -0.0376480 -0.635591 0.651736 -0.125661 -0.474764 0.388324 -0.148354 -0.495588 -0.111247 -0.216976 -0.425132 -0.326571 -0.520947 -0.212781 -0.181788 -0.702999 -0.187422 -0.164567 -0.370960 -0.183105 -0.259462 -0.911177 -1.01305 -0.686926 -0.877676 -0.273775 -0.447441 -0.481755 -0.147556 -0.159234 -0.0517680 -0.105244 -0.325669 -0.158426 -0.224603 -0.368551 -0.467518 -0.313912 -0.514735 -0.280310 -0.424841 -0.366867 -0.182812 -0.0279157 -0.321747 -0.628412 -0.464442 -0.733369 -0.516423 -0.253098 -0.322390 -0.122029 -0.346472 0.187313 -0.161801 -0.0971570 -0.356731 -0.0837181 0.119147 -0.422741 -0.599100 -0.754464 -0.00865265 0.327036 -0.144937 -0.209989 -0.348030 -0.291116 -0.302690 -0.430586 -0.317536 -0.329904 -0.250672 -0.373207 -0.223652 -0.257122 -0.273413 -0.0173018 -0.306223 -0.268883 -0.191286 -0.285961 -0.343450 -0.227872 -0.374847 -0.0551174 -0.132475 -0.122495 0.288809 -0.156906 -0.133584 -0.184676 0.0615239 -0.167379 0.584707 0.166005 -0.255709 -0.233314 -0.281743 -0.293637 -0.175154 -0.198879 -0.173727 -0.220901 -0.259102 -0.227554
# log_sigmar:
 -0.693147 -0.510826 -0.693147
# log_selcoffs_fsh:
 -1.12823 -1.00065 -0.872911 -0.731339 -0.570572 -0.380107 -0.166731 0.0673926 0.308736 0.525068 0.686890 0.777247 -3.29939 -2.56010 -1.83506 -1.14828 -0.538234 -0.0369653 0.340804 0.612462 0.789081 0.879451 -3.32250 -2.57583 -1.84360 -1.15691 -0.558131 -0.0593813 0.330410 0.614946 0.801102 0.892230 -3.37720 -2.62853 -1.89545 -1.20130 -0.582175 -0.0728872 0.326236 0.618911 0.808744 0.904655 -3.43648 -2.69200 -1.96036 -1.26202 -0.624264 -0.0851830 0.324159 0.621799 0.819857 0.921049 -3.50159 -2.75729 -2.02453 -1.32344 -0.677936 -0.118997 0.320807 0.631822 0.834294 0.936718 -3.56577 -2.81570 -2.07710 -1.37265 -0.726356 -0.163224 0.294004 0.630738 0.853266 0.966821 -3.60320 -2.85426 -2.11575 -1.40933 -0.764147 -0.193031 0.271689 0.625304 0.864728 0.991992 -3.59155 -2.85310 -2.12981 -1.44123 -0.803048 -0.236893 0.238453 0.614889 0.880871 1.02416 -3.54011 -2.82315 -2.11617 -1.43759 -0.818534 -0.260782 0.218882 0.605907 0.888058 1.04393 -3.46253 -2.76409 -2.07928 -1.41972 -0.805977 -0.267861 0.202226 0.596375 0.889728 1.05149 -3.36647 -2.69855 -2.04015 -1.40326 -0.810151 -0.277916 0.189107 0.587130 0.888536 1.05537 -3.28310 -2.64096 -2.00477 -1.38064 -0.789231 -0.260615 0.190339 0.571292 0.879616 1.06674 -3.16871 -2.57037 -1.97134 -1.37803 -0.807239 -0.280613 0.187010 0.583309 0.884869 1.05682 -3.01469 -2.46918 -1.91786 -1.36509 -0.825055 -0.314990 0.163222 0.577905 0.888919 1.06361 -2.87715 -2.38012 -1.88089 -1.37320 -0.849071 -0.325527 0.162582 0.589438 0.894463 1.05345 -2.81156 -2.32300 -1.83490 -1.34087 -0.833963 -0.316992 0.172639 0.585414 0.885558 1.04441 -2.74274 -2.28760 -1.83405 -1.35792 -0.852407 -0.332024 0.170593 0.601211 0.891827 1.03732 -2.69356 -2.24346 -1.81523 -1.39301 -0.896005 -0.336064 0.190640 0.602086 0.898103 1.02745 -2.74312 -2.23067 -1.71789 -1.21877 -0.731159 -0.277919 0.159391 0.558382 0.868285 1.03950 -2.87742 -2.29446 -1.71216 -1.16054 -0.660726 -0.193508 0.205654 0.557713 0.836542 0.996696 -2.99800 -2.37346 -1.74561 -1.14262 -0.592377 -0.134904 0.246401 0.563613 0.816965 0.967489 -3.03949 -2.43713 -1.83720 -1.23926 -0.662295 -0.154961 0.263414 0.594536 0.836189 0.961205 -3.04124 -2.43304 -1.83017 -1.24134 -0.678700 -0.163670 0.265151 0.601087 0.840751 0.960334 -3.02508 -2.40817 -1.80003 -1.21228 -0.670632 -0.178239 0.255134 0.601852 0.840679 0.965762 -3.00208 -2.39485 -1.79293 -1.21171 -0.667507 -0.175055 0.250765 0.595934 0.839660 0.968112 -4.75840 -3.84583 -2.94503 -2.07510 -1.25863 -0.522739 0.108451 0.617341 0.985298 1.18484 -4.57429 -3.70495 -2.84583 -2.01357 -1.22738 -0.512389 0.107048 0.613055 0.980571 1.18063 -4.48035 -3.56528 -2.66477 -1.80414 -1.01552 -0.332928 0.220670 0.641071 0.932800 1.08397
# log_q_srv[1]:
0.00000000000
# log_q_srv[2]:
0.00000000000
# log_q_srv[3]:
0.00000000000
# log_selcoffs_srv:
 -4.25326918231 -3.21599270980 -2.21545738920 -1.26454830650 -0.451793568786 0.169694175774 0.535639337817 0.614668321886 0.662212226501 0.805982047617 -3.57926360832 -2.62293480797 -1.68259816379 -0.775007417996 0.0750754682122 0.538077114348 0.624880983515 0.540056734558 0.422522518072 0.296051641286 -3.30582520581 -2.64728186475 -2.00792009743 -1.40214417603 -0.835437495957 -0.299036984266 0.253278789342 0.727085435384 0.958029184311 0.862073909514
# fmort_dev_est:
 -0.751900652443 0.732485486368 0.839087288665 0.849416569219 0.677232612267 -0.434991105468 -2.49575805481 -2.54454445858 -1.22677639257 -2.60061036801 0.535167227442 -2.53049735131 0.377803874583 1.16863976178 0.195226223773 2.70896208840 2.47023923391 2.85608453422 3.15625890043 -0.260051475386 -0.00369669513337 -0.563849837698 -1.27007335250 -1.90210358624 -1.03273226953 -1.04578935377 -0.903910058027 -0.689410713982 -1.10017506609 0.238184107257 0.618228869834 0.642066477023 0.564707027164 0.0747574856755 -0.411612295752 -0.461786331231 -0.516025843551 -0.00825323305275 0.235321427392 0.305117150812 0.567238701410 1.07076602332 0.790053987545 0.624502801739 0.537773915352 0.275508242734 0.354651394425 -0.197687175496 -0.177454482362 -1.04974293792 -0.893383431631 -0.839830808500 -0.873389468262 -0.932578037083 -0.699046877682 0.0432787151765 -0.866374338616 -1.11830314358 -0.768170541019 -1.62050967438 -0.113606737070 0.249018204292 0.151113396660 -0.124376501775 0.712907290294 0.645653240663 0.861094397721 0.668987637698 1.02581024963 1.15683644051 2.09531552812 2.36199484462 -5.49538522017 -0.915681900819 -1.93874876935 -2.48257102274 -3.62274039316 2.35134994060 3.09548035383 -0.388416506362 1.58394157029 3.23160312059 1.28497663713 1.02924048384 3.23714553592 3.18532053837 1.82233909151 -2.15538045300 -3.82666071732 -2.25563494269 -1.59907462131 -1.72469463332 -0.945761735806 -0.814688124960 -7.42870835429 -4.24897233720 -2.38130941422 -1.74927520527 -1.14306905666 0.387275344264 2.37240114561 2.28671917852 1.50414233742 1.18756711637 1.47819564843 1.78896815674 2.47921351388 1.95552037641 2.82441882711 3.28168918770 1.78283454073 0.926256409280
# log_avg_fmort:
 -3.00454689425 -1.15056285383 -2.26048859614 -6.30281294466 -4.34152590085
# dummy:
0.00000000000
# dummy2:
0.00000000000
