################################################################################
#### Title: Dat file for ms
#### Filename: 3/ms.dat
#### Date: 2015-10-19 11:19:56
#### Author: Kelli Faye Johnson
#### Comment: File created using dat_write function
################################################################################
 # debug
0
 # pin
0
 # ResetPhasesToZero
0
 # Disc_first_phase
1
 # Disc_any_phases
1
 # Initial_phase
1
 # Terminal_phase
15
 # with_pred
1
 # resp_type
2
#styr, endyr
1979 2003
#species names
# poll%mack%cod
3
 # comp_type
1 1 2
 # oldest_age
15 15 12
 # l_bins
16 13 24
 # nfsh_spp
1 1 3
 # spp_fsh
1 2 3 3 3
# catch_bio
# pollock
6.383 31.029 22.972 19.993 17.224 6.3 0.87 0.704 2.72 0.574 0 10.462 0.554 8.515 16.15 5.969 57.991 23.039 25.795 23.34 0.606 0.908 0.571 0.318 0.3
# mackerel
23.264 20.488 19.688 19.874 11.726 36.055 37.86 31.99 30.061 22.084 17.994 22.205 26.74 50.035 65.737 69.59 81.554 103.943 65.845 58.31 56.231 47.227 61.612 45.594 60
# cod.trawl
0 0 7.173 7.921 8.028 7.177 6.108 6.904 13.097 4.998 4.239 6.932 3.414 14.558 17.312 14.382 10.574 21.179 17.349 20.531 16.437 20.362 15.826 27.929 27.706
# cod.pot
0 0 0 0 0 0 0 0.001 0.088 0.03 0.019 0.007 3.18 6.317 0 0.147 1.024 4.611 0.575 0.424 3.75 3.107 0.544 0.007 0.001
# cod.longline
0 0 0.261 0.476 0.402 0.804 0.829 0.001 0.022 0.137 0.284 0.602 3.203 22.108 16.86 7.009 4.935 5.819 7.151 13.771 7.874 16.183 17.817 2.865 0.942
# wt_fsh pollock
0 0 0.231427574 0.347582456 0.529292842 0.730646545 0.672683296 0.825035361 0.94354256 0.953150997 1.038098468 1.163848924 1.059772607 1.518558267 1.578840968 1.020588169
0 0 0.239236365 0.552588542 0.765126673 0.841229073 0.862929275 0.912856259 1.000234605 1.088977473 1.062840287 1.020429454 1.156808016 1.101892717 0.852054497 1.524232447
0 0 0 0.477806178 0.552104777 0.728620244 0.763716495 0.781740889 0.80962466 0.89533398 0.90209715 0.859815537 1.019919523 1.025903138 0.892917275 0.907931477
0 0 0 0.417916257 0.541372647 0.643631715 0.783820793 0.821999891 0.841650607 0.892089623 0.984183869 1.001088653 0.957527911 0.954594143 0.905790623 0.966036104
0 0 0 0.417916257 0.541372647 0.733333459 0.779637949 0.79541688 0.926441599 0.957375508 1.014598131 0.902409789 0.957527911 0.954594143 0.973962563 0.966036104
0 0 0.426016046 0.445904784 0.670549478 0.741947836 0.809931471 0.872081505 0.967956403 0.996316897 1.270393702 1.643058148 1.135090812 1.221160813 0.973962563 0.966036104
0 0 0.467489462 0.565627894 0.670549478 0.689561425 0.802837309 0.853564181 0.856702835 1.090946791 1.233008932 1.599646815 1.664430831 1.221160813 1.64477114 1.093457593
0 0 0 0.51142268 0.601940895 0.747175625 0.826579436 0.86977936 0.950563553 0.92659715 1.013667355 0.942849175 1.070207431 0.896337794 1.64477114 1.093457593
0 0 0 0.51142268 0.685171157 0.756159963 0.833463622 0.850378116 0.871524635 0.980871686 1.072453177 0.991507962 1.337923253 1.154569212 1.006460237 1.093457593
0 0 0 0.473601088 0.685171157 0.80134 0.790483659 0.820771959 0.927922207 0.888269571 0.983871136 0.893286963 0.784312991 0.722258386 0.897618754 1.062148464
0 0 0.339189115 0.473601088 0.660858204 0.753562434 0.85101982 0.926029908 0.992659204 1.061127858 1.110591497 1.150075127 1.189254164 1.149597825 1.19428536 1.139953534
0 0 0 0.477806178 0.552104777 0.728620244 0.763716495 0.781740889 0.80962466 0.89533398 0.90209715 0.859815537 1.019919523 1.025903138 0.892917275 0.907931477
0 0 0 0.477806178 0.666787314 0.65507123 0.798859251 0.961988405 1.075505517 1.173120052 1.099445084 1.217694376 1.157325805 1.095515077 1.28975573 1.085591544
0 0 0 0.477806178 0.640066546 0.741779296 0.725444441 0.797034166 0.935637176 1.245656248 1.026724589 1.003362397 1.250130981 1.145099914 1.051422263 1.097572255
0 0 0 0.551226465 0.886178481 0.823728347 1.033495235 1.031524133 1.139881318 1.080791061 1.163774842 1.190529239 1.202739427 1.325579312 1.137291525 1.135234176
0 0 0 0.551226465 0.637265466 0.84371317 0.974292759 1.136056196 1.139976535 1.121560264 1.190699266 1.243685658 1.265922421 1.059132835 1.090043082 1.151654501
0 0 0 0.551226465 0.847145491 0.84371317 1.1264452 1.33033976 1.397178045 1.355091156 1.433282614 1.419679818 1.500951121 1.44657268 1.658206348 1.320576262
0 0 0 0.539091385 0.475276694 0.930106777 1.028703564 1.179637768 1.275064271 1.394543109 1.468180287 1.354824424 1.377744955 1.361895368 1.456201635 1.30125768
0 0 0 0.471038318 0.619167273 0.834941814 1.005650386 1.118583879 1.180037665 1.323893179 1.390939617 1.418723917 1.328098012 1.331537728 1.407934701 1.376747606
0 0 0 0.402985251 0.763057853 0.739776852 0.982597208 1.057529991 1.085011058 1.25324325 1.313698947 1.482623411 1.278451068 1.301180088 1.359667766 1.452237532
0 0 0 0.402985251 0.763057853 0.739776852 0.982597208 1.057529991 1.085011058 1.25324325 1.313698947 1.482623411 1.278451068 1.301180088 1.359667766 1.452237532
0 0 0 0.402985251 0.763057853 0.739776852 0.982597208 1.057529991 1.085011058 1.25324325 1.313698947 1.482623411 1.278451068 1.301180088 1.359667766 1.452237532
0 0 0 0.402985251 0.763057853 0.739776852 0.982597208 1.057529991 1.085011058 1.25324325 1.313698947 1.482623411 1.278451068 1.301180088 1.359667766 1.452237532
0 0 0 0.402985251 0.763057853 0.739776852 0.982597208 1.057529991 1.085011058 1.25324325 1.313698947 1.482623411 1.278451068 1.301180088 1.359667766 1.452237532
0 0 0 0.402985251 0.763057853 0.739776852 0.982597208 1.057529991 1.085011058 1.25324325 1.313698947 1.482623411 1.278451068 1.301180088 1.359667766 1.452237532
# wt_fsh mackerel
0 0.1 0.1848 0.3982 0.5493 0.6562 0.7318 0.7853 0.8232 0.85 0.869 0.8824 0.8919 0.8986 0.9034 0.9068
0 0.1 0.1848 0.3982 0.5493 0.6562 0.7318 0.7853 0.8232 0.85 0.869 0.8824 0.8919 0.8986 0.9034 0.9068
0 0.1 0.1848 0.3982 0.5493 0.6562 0.7318 0.7853 0.8232 0.85 0.869 0.8824 0.8919 0.8986 0.9034 0.9068
0 0.1 0.1848 0.3982 0.5493 0.6562 0.7318 0.7853 0.8232 0.85 0.869 0.8824 0.8919 0.8986 0.9034 0.9068
0 0.1 0.1848 0.3982 0.5493 0.6562 0.7318 0.7853 0.8232 0.85 0.869 0.8824 0.8919 0.8986 0.9034 0.9068
0 0.1 0.1848 0.3982 0.5493 0.6562 0.7318 0.7853 0.8232 0.85 0.869 0.8824 0.8919 0.8986 0.9034 0.9068
0 0.1 0.1848 0.3982 0.5493 0.6562 0.7318 0.7853 0.8232 0.85 0.869 0.8824 0.8919 0.8986 0.9034 0.9068
0 0.1 0.1848 0.3982 0.5493 0.6562 0.7318 0.7853 0.8232 0.85 0.869 0.8824 0.8919 0.8986 0.9034 0.9068
0 0.1 0.1848 0.3982 0.5493 0.6562 0.7318 0.7853 0.8232 0.85 0.869 0.8824 0.8919 0.8986 0.9034 0.9068
0 0.1 0.1848 0.3982 0.5493 0.6562 0.7318 0.7853 0.8232 0.85 0.869 0.8824 0.8919 0.8986 0.9034 0.9068
0 0.1 0.1848 0.3982 0.5493 0.6562 0.7318 0.7853 0.8232 0.85 0.869 0.8824 0.8919 0.8986 0.9034 0.9068
0 0.1 0.1848 0.3982 0.5493 0.6562 0.7318 0.7853 0.8232 0.85 0.869 0.8824 0.8919 0.8986 0.9034 0.9068
0 0.1 0.1848 0.3982 0.5493 0.6562 0.7318 0.7853 0.8232 0.85 0.869 0.8824 0.8919 0.8986 0.9034 0.9068
0 0.1 0.1848 0.3982 0.5493 0.6562 0.7318 0.7853 0.8232 0.85 0.869 0.8824 0.8919 0.8986 0.9034 0.9068
0 0.1 0.1848 0.3982 0.5493 0.6562 0.7318 0.7853 0.8232 0.85 0.869 0.8824 0.8919 0.8986 0.9034 0.9068
0 0.1 0.1848 0.3982 0.5493 0.6562 0.7318 0.7853 0.8232 0.85 0.869 0.8824 0.8919 0.8986 0.9034 0.9068
0 0.1 0.1848 0.3982 0.5493 0.6562 0.7318 0.7853 0.8232 0.85 0.869 0.8824 0.8919 0.8986 0.9034 0.9068
0 0.1 0.1848 0.3982 0.5493 0.6562 0.7318 0.7853 0.8232 0.85 0.869 0.8824 0.8919 0.8986 0.9034 0.9068
0 0.1 0.1848 0.3982 0.5493 0.6562 0.7318 0.7853 0.8232 0.85 0.869 0.8824 0.8919 0.8986 0.9034 0.9068
0 0.1 0.1848 0.3982 0.5493 0.6562 0.7318 0.7853 0.8232 0.85 0.869 0.8824 0.8919 0.8986 0.9034 0.9068
0 0.1 0.1848 0.3982 0.5493 0.6562 0.7318 0.7853 0.8232 0.85 0.869 0.8824 0.8919 0.8986 0.9034 0.9068
0 0.1 0.1848 0.3982 0.5493 0.6562 0.7318 0.7853 0.8232 0.85 0.869 0.8824 0.8919 0.8986 0.9034 0.9068
0 0.1 0.1848 0.3982 0.5493 0.6562 0.7318 0.7853 0.8232 0.85 0.869 0.8824 0.8919 0.8986 0.9034 0.9068
0 0.1 0.1848 0.3982 0.5493 0.6562 0.7318 0.7853 0.8232 0.85 0.869 0.8824 0.8919 0.8986 0.9034 0.9068
0 0.1 0.1848 0.3982 0.5493 0.6562 0.7318 0.7853 0.8232 0.85 0.869 0.8824 0.8919 0.8986 0.9034 0.9068
# wt_fsh cod.trawl
0 0.1 0.3 0.6 1.5 2.6 3.5 5.1 6.8 7.5 8.2 8.4 9.9
0 0.1 0.3 0.6 1.5 2.6 3.5 5.1 6.8 7.5 8.2 8.4 9.9
0 0.1 0.3 0.6 1.5 2.6 3.5 5.1 6.8 7.5 8.2 8.4 9.9
0 0.1 0.3 0.6 1.5 2.6 3.5 5.1 6.8 7.5 8.2 8.4 9.9
0 0.1 0.3 0.6 1.5 2.6 3.5 5.1 6.8 7.5 8.2 8.4 9.9
0 0.1 0.3 0.6 1.5 2.6 3.5 5.1 6.8 7.5 8.2 8.4 9.9
0 0.1 0.3 0.6 1.5 2.6 3.5 5.1 6.8 7.5 8.2 8.4 9.9
0 0.1 0.3 0.6 1.5 2.6 3.5 5.1 6.8 7.5 8.2 8.4 9.9
0 0.1 0.3 0.6 1.5 2.6 3.5 5.1 6.8 7.5 8.2 8.4 9.9
0 0.1 0.3 0.6 1.5 2.6 3.5 5.1 6.8 7.5 8.2 8.4 9.9
0 0.1 0.3 0.6 1.5 2.6 3.5 5.1 6.8 7.5 8.2 8.4 9.9
0 0.1 0.3 0.6 1.5 2.6 3.5 5.1 6.8 7.5 8.2 8.4 9.9
0 0.1 0.3 0.6 1.5 2.6 3.5 5.1 6.8 7.5 8.2 8.4 9.9
0 0.1 0.3 0.6 1.5 2.6 3.5 5.1 6.8 7.5 8.2 8.4 9.9
0 0.1 0.3 0.6 1.5 2.6 3.5 5.1 6.8 7.5 8.2 8.4 9.9
0 0.1 0.3 0.6 1.5 2.6 3.5 5.1 6.8 7.5 8.2 8.4 9.9
0 0.1 0.3 0.6 1.5 2.6 3.5 5.1 6.8 7.5 8.2 8.4 9.9
0 0.1 0.3 0.6 1.5 2.6 3.5 5.1 6.8 7.5 8.2 8.4 9.9
0 0.1 0.3 0.6 1.5 2.6 3.5 5.1 6.8 7.5 8.2 8.4 9.9
0 0.1 0.3 0.6 1.5 2.6 3.5 5.1 6.8 7.5 8.2 8.4 9.9
0 0.1 0.3 0.6 1.5 2.6 3.5 5.1 6.8 7.5 8.2 8.4 9.9
0 0.1 0.3 0.6 1.5 2.6 3.5 5.1 6.8 7.5 8.2 8.4 9.9
0 0.1 0.3 0.6 1.5 2.6 3.5 5.1 6.8 7.5 8.2 8.4 9.9
0 0.1 0.3 0.6 1.5 2.6 3.5 5.1 6.8 7.5 8.2 8.4 9.9
0 0.1 0.3 0.6 1.5 2.6 3.5 5.1 6.8 7.5 8.2 8.4 9.9
# wt_fsh cod.pot
0 0.1 0.3 0.6 1.5 2.6 3.5 5.1 6.8 7.5 8.2 8.4 9.9
0 0.1 0.3 0.6 1.5 2.6 3.5 5.1 6.8 7.5 8.2 8.4 9.9
0 0.1 0.3 0.6 1.5 2.6 3.5 5.1 6.8 7.5 8.2 8.4 9.9
0 0.1 0.3 0.6 1.5 2.6 3.5 5.1 6.8 7.5 8.2 8.4 9.9
0 0.1 0.3 0.6 1.5 2.6 3.5 5.1 6.8 7.5 8.2 8.4 9.9
0 0.1 0.3 0.6 1.5 2.6 3.5 5.1 6.8 7.5 8.2 8.4 9.9
0 0.1 0.3 0.6 1.5 2.6 3.5 5.1 6.8 7.5 8.2 8.4 9.9
0 0.1 0.3 0.6 1.5 2.6 3.5 5.1 6.8 7.5 8.2 8.4 9.9
0 0.1 0.3 0.6 1.5 2.6 3.5 5.1 6.8 7.5 8.2 8.4 9.9
0 0.1 0.3 0.6 1.5 2.6 3.5 5.1 6.8 7.5 8.2 8.4 9.9
0 0.1 0.3 0.6 1.5 2.6 3.5 5.1 6.8 7.5 8.2 8.4 9.9
0 0.1 0.3 0.6 1.5 2.6 3.5 5.1 6.8 7.5 8.2 8.4 9.9
0 0.1 0.3 0.6 1.5 2.6 3.5 5.1 6.8 7.5 8.2 8.4 9.9
0 0.1 0.3 0.6 1.5 2.6 3.5 5.1 6.8 7.5 8.2 8.4 9.9
0 0.1 0.3 0.6 1.5 2.6 3.5 5.1 6.8 7.5 8.2 8.4 9.9
0 0.1 0.3 0.6 1.5 2.6 3.5 5.1 6.8 7.5 8.2 8.4 9.9
0 0.1 0.3 0.6 1.5 2.6 3.5 5.1 6.8 7.5 8.2 8.4 9.9
0 0.1 0.3 0.6 1.5 2.6 3.5 5.1 6.8 7.5 8.2 8.4 9.9
0 0.1 0.3 0.6 1.5 2.6 3.5 5.1 6.8 7.5 8.2 8.4 9.9
0 0.1 0.3 0.6 1.5 2.6 3.5 5.1 6.8 7.5 8.2 8.4 9.9
0 0.1 0.3 0.6 1.5 2.6 3.5 5.1 6.8 7.5 8.2 8.4 9.9
0 0.1 0.3 0.6 1.5 2.6 3.5 5.1 6.8 7.5 8.2 8.4 9.9
0 0.1 0.3 0.6 1.5 2.6 3.5 5.1 6.8 7.5 8.2 8.4 9.9
0 0.1 0.3 0.6 1.5 2.6 3.5 5.1 6.8 7.5 8.2 8.4 9.9
0 0.1 0.3 0.6 1.5 2.6 3.5 5.1 6.8 7.5 8.2 8.4 9.9
# wt_fsh cod.longline
0 0.1 0.3 0.6 1.5 2.6 3.5 5.1 6.8 7.5 8.2 8.4 9.9
0 0.1 0.3 0.6 1.5 2.6 3.5 5.1 6.8 7.5 8.2 8.4 9.9
0 0.1 0.3 0.6 1.5 2.6 3.5 5.1 6.8 7.5 8.2 8.4 9.9
0 0.1 0.3 0.6 1.5 2.6 3.5 5.1 6.8 7.5 8.2 8.4 9.9
0 0.1 0.3 0.6 1.5 2.6 3.5 5.1 6.8 7.5 8.2 8.4 9.9
0 0.1 0.3 0.6 1.5 2.6 3.5 5.1 6.8 7.5 8.2 8.4 9.9
0 0.1 0.3 0.6 1.5 2.6 3.5 5.1 6.8 7.5 8.2 8.4 9.9
0 0.1 0.3 0.6 1.5 2.6 3.5 5.1 6.8 7.5 8.2 8.4 9.9
0 0.1 0.3 0.6 1.5 2.6 3.5 5.1 6.8 7.5 8.2 8.4 9.9
0 0.1 0.3 0.6 1.5 2.6 3.5 5.1 6.8 7.5 8.2 8.4 9.9
0 0.1 0.3 0.6 1.5 2.6 3.5 5.1 6.8 7.5 8.2 8.4 9.9
0 0.1 0.3 0.6 1.5 2.6 3.5 5.1 6.8 7.5 8.2 8.4 9.9
0 0.1 0.3 0.6 1.5 2.6 3.5 5.1 6.8 7.5 8.2 8.4 9.9
0 0.1 0.3 0.6 1.5 2.6 3.5 5.1 6.8 7.5 8.2 8.4 9.9
0 0.1 0.3 0.6 1.5 2.6 3.5 5.1 6.8 7.5 8.2 8.4 9.9
0 0.1 0.3 0.6 1.5 2.6 3.5 5.1 6.8 7.5 8.2 8.4 9.9
0 0.1 0.3 0.6 1.5 2.6 3.5 5.1 6.8 7.5 8.2 8.4 9.9
0 0.1 0.3 0.6 1.5 2.6 3.5 5.1 6.8 7.5 8.2 8.4 9.9
0 0.1 0.3 0.6 1.5 2.6 3.5 5.1 6.8 7.5 8.2 8.4 9.9
0 0.1 0.3 0.6 1.5 2.6 3.5 5.1 6.8 7.5 8.2 8.4 9.9
0 0.1 0.3 0.6 1.5 2.6 3.5 5.1 6.8 7.5 8.2 8.4 9.9
0 0.1 0.3 0.6 1.5 2.6 3.5 5.1 6.8 7.5 8.2 8.4 9.9
0 0.1 0.3 0.6 1.5 2.6 3.5 5.1 6.8 7.5 8.2 8.4 9.9
0 0.1 0.3 0.6 1.5 2.6 3.5 5.1 6.8 7.5 8.2 8.4 9.9
0 0.1 0.3 0.6 1.5 2.6 3.5 5.1 6.8 7.5 8.2 8.4 9.9
 # nyrs_fsh_comp
8 20 14 10 14
# yrs_fsh_comp
1990 1991 1992 1993 1994 1995 1996 1998
1979 1980 1981 1982 1983 1984 1985 1986 1987 1988 1990 1991 1994 1995 1996 1998 1999 2000 2001 2002
1990 1991 1992 1993 1994 1995 1996 1997 1998 1999 2000 2001 2002 2003
1991 1992 1994 1995 1996 1997 1998 1999 2000 2001
1990 1991 1992 1993 1994 1995 1996 1997 1998 1999 2000 2001 2002 2003
# nsmpl_fsh
100 100 100 100 100 100 100 100
100 100 100 100 100 100 100 100 100 100 100 100 100 100 100 100 100 100 100 100
100 100 100 100 100 100 100 100 100 100 100 100 100 100
100 100 100 100 100 100 100 100 100 100
100 100 100 100 100 100 100 100 100 100 100 100 100 100
# oc_fsh 
0.01 0 0 0.01 0.03 0.11 0.17 0.16 0.16 0 0.23 0 0.05 0.03 0 0.04
0 0 0 0.02 0.03 0.08 0.08 0.14 0.2 0.21 0 0.12 0 0.06 0.03 0.03
0.01 0 0 0.02 0.03 0.11 0.16 0.09 0.07 0.16 0.16 0 0.1 0 0.03 0.06
0.02 0 0.01 0 0.08 0.09 0.18 0.1 0.04 0.14 0.07 0.12 0 0.1 0 0.05
0.01 0 0 0.01 0 0.17 0.17 0.16 0.09 0.08 0.09 0.08 0.05 0 0.06 0.03
0.01 0 0 0.04 0.07 0.06 0.25 0.16 0.1 0.04 0.01 0.06 0.06 0.09 0 0.05
0 0 0 0.01 0.08 0.21 0.11 0.27 0.01 0.04 0.08 0.02 0.05 0.02 0.04 0.06
0.02 0 0 0.01 0.02 0.13 0.32 0.27 0.02 0.08 0.04 0.05 0.01 0.01 0.01 0.01
# oc_fsh 
0.03 0.02 0.06 0.14 0.3 0.38 0.06 0 0 0 0 0.01 0 0 0 0
0.01 0 0.06 0.37 0.15 0.23 0.15 0.03 0 0 0 0 0 0 0 0
0 0 0.02 0.08 0.47 0.13 0.16 0.14 0 0 0 0 0 0 0 0
0 0.01 0 0.03 0.14 0.61 0.11 0.05 0.05 0 0 0 0 0 0 0
0.01 0 0 0.06 0.06 0.23 0.5 0.1 0.03 0.01 0 0 0 0 0 0
0 0 0.03 0.08 0.11 0.14 0.21 0.36 0.04 0.02 0.01 0 0 0 0 0
0 0 0.03 0.17 0.17 0.18 0.15 0.11 0.17 0.01 0.01 0 0 0 0 0
0 0.02 0.08 0.11 0.12 0.1 0.14 0.1 0.06 0.25 0.01 0.01 0 0 0 0
0 0 0.03 0.3 0.17 0.16 0.08 0.05 0.03 0.04 0.14 0 0 0 0 0
0.02 0.02 0.03 0.19 0.46 0.19 0.02 0.03 0.03 0.01 0 0 0 0 0 0
0 0.02 0.07 0.06 0.34 0.27 0.17 0.03 0.03 0 0.01 0 0 0 0 0
0 0 0.01 0.12 0.16 0.29 0.18 0.18 0.03 0.01 0 0.02 0 0 0 0
0 0.01 0.04 0.04 0.07 0.25 0.35 0.04 0.08 0.06 0.06 0 0 0 0 0
0 0 0.02 0.1 0.24 0.11 0.11 0.25 0.04 0.04 0.03 0.05 0.01 0 0 0
0 0 0.02 0.08 0.22 0.21 0.1 0.13 0.18 0.03 0.03 0 0 0 0 0
0.01 0.01 0.01 0.1 0.11 0.2 0.29 0.16 0.02 0.02 0.06 0 0.01 0 0 0
0.01 0 0.03 0.07 0.32 0.2 0.16 0.09 0.07 0.02 0.02 0.01 0 0 0 0
0.01 0.01 0.02 0.07 0.08 0.38 0.16 0.04 0.14 0.06 0 0.01 0.02 0 0 0
0 0 0.06 0.2 0.11 0.1 0.27 0.12 0.09 0.04 0 0.01 0 0 0 0
0 0 0.03 0.27 0.28 0.07 0.09 0.16 0.03 0.02 0.03 0.02 0 0 0 0
# oc_fsh 
0 0.01 0.01 0 0 0 0 0 0.03 0.03 0 0.01 0.08 0.12 0.07 0.09 0.16 0.14 0.14 0.09 0.01 0.01 0 0
0 0 0 0.03 0 0.02 0 0 0.01 0.02 0.06 0.03 0.01 0.07 0.17 0.09 0.12 0.11 0.13 0.09 0.03 0.01 0 0
0 0 0 0 0.01 0.01 0.02 0.03 0 0 0.02 0.06 0.07 0.04 0.06 0.14 0.16 0.16 0.15 0.06 0.01 0 0 0
0 0 0 0.01 0 0 0.03 0.01 0 0.04 0.02 0.04 0.09 0.09 0.08 0.07 0.14 0.14 0.15 0.07 0.01 0.01 0 0
0 0 0 0 0.01 0 0 0 0.01 0.04 0.05 0.05 0.06 0.03 0.1 0.16 0.12 0.14 0.12 0.08 0.01 0.01 0.01 0
0 0.01 0 0.01 0 0.01 0.01 0.02 0 0 0.04 0.06 0.05 0.06 0.05 0.11 0.16 0.18 0.14 0.06 0.02 0.01 0 0
0 0 0 0.01 0 0.01 0 0.03 0.03 0.06 0.03 0.02 0.06 0.1 0.15 0.09 0.16 0.14 0.08 0.01 0.01 0.01 0 0
0 0 0 0 0 0.01 0.01 0.02 0.04 0.05 0.03 0.07 0.01 0.06 0.09 0.14 0.13 0.22 0.04 0.06 0.02 0 0 0
0 0.01 0 0.01 0 0 0 0.02 0.03 0.06 0.06 0.11 0.1 0.07 0.03 0.07 0.11 0.16 0.09 0.07 0 0 0 0
0 0 0.01 0.01 0 0 0 0 0.04 0.05 0.04 0.1 0.09 0.13 0.11 0.14 0.1 0.09 0.05 0.02 0.01 0 0.01 0
0 0 0 0 0.02 0 0 0.01 0 0.04 0.06 0.1 0.15 0.04 0.11 0.08 0.15 0.08 0.11 0.03 0.02 0 0 0
0 0 0 0 0.01 0.02 0 0.01 0.06 0.07 0.02 0.04 0.16 0.11 0.1 0.1 0.07 0.09 0.1 0.01 0.03 0 0 0
0 0.01 0 0.01 0 0 0.03 0.02 0.02 0.02 0.1 0.08 0.11 0.06 0.1 0.13 0.12 0.11 0.05 0.01 0.01 0.01 0 0
0 0 0 0.01 0 0.01 0.02 0.05 0.06 0.08 0.16 0.1 0.09 0.12 0.08 0.07 0.03 0.05 0.02 0.05 0 0 0 0
# oc_fsh 
0 0 0 0 0 0.01 0.01 0 0.03 0.02 0.02 0.05 0.02 0.07 0.17 0.2 0.1 0.12 0.06 0.06 0.03 0.03 0 0
0 0 0 0 0 0.02 0.01 0 0 0.01 0.05 0.08 0.11 0.07 0.05 0.15 0.1 0.17 0.12 0.04 0.02 0 0 0
0 0 0 0.01 0 0 0 0 0.03 0.02 0.03 0.09 0.04 0.1 0.09 0.13 0.09 0.17 0.08 0.08 0.02 0.02 0 0
0 0 0 0 0.02 0 0.01 0.01 0.03 0 0.07 0.13 0.09 0.12 0.07 0.11 0.09 0.05 0.12 0.06 0.02 0 0 0
0 0 0 0.01 0 0 0 0 0.03 0.03 0.02 0.02 0.12 0.19 0.08 0.14 0.07 0.1 0.11 0.07 0 0 0.01 0
0 0.01 0 0 0 0.02 0.03 0.02 0.03 0.05 0.04 0.07 0.03 0.01 0.14 0.14 0.16 0.1 0.08 0.04 0.01 0.02 0 0
0 0 0 0.01 0 0.02 0 0.03 0.06 0.02 0.09 0.14 0.09 0.06 0.03 0.1 0.08 0.1 0.09 0.06 0.01 0.01 0 0
0 0 0 0 0 0 0 0 0 0.06 0.08 0.1 0.16 0.1 0.1 0.09 0.07 0.11 0.05 0.07 0.01 0 0 0
0 0 0 0 0 0 0 0.01 0.02 0.05 0.09 0.14 0.09 0.12 0.11 0.08 0.08 0.07 0.1 0.02 0.01 0.01 0 0
0 0 0 0 0.01 0.04 0.02 0.01 0.07 0.07 0.06 0.03 0.11 0.2 0.05 0.1 0.09 0.09 0.02 0.01 0.02 0 0 0
# oc_fsh 
0 0 0 0 0 0.01 0.04 0.01 0.01 0.01 0.03 0.03 0.19 0.17 0.09 0.03 0.13 0.09 0.09 0.02 0.05 0 0 0
0 0.01 0 0 0 0.01 0.01 0.03 0.02 0.06 0.03 0.05 0.05 0.1 0.15 0.09 0.11 0.1 0.11 0.05 0.01 0 0.01 0
0 0 0 0 0 0 0.01 0.02 0 0.01 0.07 0.08 0.09 0.03 0.07 0.13 0.2 0.13 0.06 0.08 0 0 0.02 0
0 0 0 0 0 0 0.02 0 0.06 0.03 0.04 0.02 0.09 0.11 0.12 0.12 0.13 0.11 0.08 0.04 0.02 0.01 0 0
0 0.01 0.01 0 0 0 0.02 0.03 0.05 0.06 0.05 0.09 0.03 0.05 0.08 0.12 0.1 0.14 0.1 0.05 0.01 0 0 0
0 0.01 0 0 0.01 0.01 0.03 0.02 0 0 0.04 0.09 0.12 0.09 0.05 0.06 0.16 0.15 0.1 0.03 0.02 0.01 0 0
0 0.01 0 0.01 0.01 0.01 0.01 0.04 0.04 0.02 0.05 0.04 0.12 0.07 0.16 0.07 0.09 0.08 0.13 0.03 0.01 0 0 0
0 0.01 0 0.01 0.02 0 0.01 0.02 0.1 0.03 0.09 0.05 0.03 0.03 0.07 0.15 0.13 0.11 0.12 0.01 0.01 0 0 0
0 0.01 0 0.01 0 0.02 0.01 0.03 0.06 0.07 0.08 0.1 0.13 0.07 0.04 0.08 0.13 0.09 0.05 0 0 0.02 0 0
0 0 0 0 0 0.01 0.01 0.01 0.07 0.05 0.12 0.12 0.14 0.12 0.08 0.06 0.09 0.06 0.05 0 0.01 0 0 0
0 0 0 0.01 0 0 0.02 0.01 0.04 0.05 0.05 0.12 0.19 0.11 0.15 0.09 0.05 0.05 0.03 0.02 0.01 0 0 0
0 0.02 0 0.01 0.01 0.01 0.01 0.02 0.03 0.09 0.06 0.14 0.19 0.15 0.11 0.03 0.08 0.03 0.01 0 0 0 0 0
0 0 0 0.01 0.01 0.01 0.02 0.05 0.03 0.03 0.1 0.16 0.11 0.04 0.14 0.07 0.09 0.08 0.01 0.03 0.01 0 0 0
0 0 0 0 0 0.01 0.01 0.04 0.05 0.16 0.13 0.09 0.11 0.14 0.04 0.09 0.06 0.03 0.02 0.02 0 0 0 0
 # nsrv_spp
1 1 1
 # spp_srv
1 2 3
 # nyrs_srv
5 6 8
# yrs_srv
1991 1994 1997 2000 2002
1986 1991 1994 1997 2000 2002
1980 1983 1986 1991 1994 1997 2000 2002
 # mo_srv
8 7.5 7.5
# obs_srv
201.421026823602 134.10173890446 53.9125396626789 35.8053872017352 42.1578684165314
176.37355975423 408.791978723389 449.270159536623 330.77454812924 273.003887600696 537.129780162762
194.698217282799 185.523119709982 134.34573062845 190.129499796397 154.155698771288 124.472219692885 125.842377696968 68.3010347814595
# obs_se_srv
1 1 1 1 1
1 1 1 1 1 1
1 1 1 1 1 1 1 1
# nyrs_srv_age
3
5
5
# yrs_srv_age
1991 1997 2002
1986 1991 1994 1997 2000
1991 1994 1997 2000 2002
# nsmpl_srv
100 100 100
100 100 100 100 100
100 100 100 100 100
# oc_srv pollock
0 0 0.04 0.03 0.09 0.04 0.03 0.1 0.1 0.2 0 0.2 0.01 0.1 0 0.06
0.01 0 0.02 0.03 0.12 0.18 0.14 0.02 0.14 0.09 0.1 0.05 0.02 0.02 0.04 0.02
0.15 0.02 0.02 0.07 0 0.01 0.01 0.16 0.06 0.18 0.16 0.1 0.02 0.03 0.01 0
# oc_srv mackerel
0.03 0.02 0.19 0.26 0.2 0.07 0.07 0.05 0.04 0.07 0 0 0 0 0 0
0 0.03 0.05 0.32 0.22 0.16 0.11 0.08 0.03 0 0 0 0 0 0 0
0 0.01 0.07 0.22 0.12 0.21 0.25 0.05 0.05 0.02 0 0 0 0 0 0
0 0 0.102 0.222 0.179 0.231 0.071 0.036 0.049 0.067 0.01 0.01 0.003 0.008 0 0
0 0 0.288 0.082 0.027 0.242 0.073 0.076 0.127 0.04 0.02 0.015 0.006 0.003 0 0.001
# oc_srv cod
0 0.03 0.01 0.05 0.1 0.04 0.11 0.03 0.06 0.14 0.05 0.07 0.04 0.03 0.06 0.08 0.02 0.03 0.03 0.02 0 0 0 0
0 0.04 0.01 0.09 0.09 0.03 0.07 0.02 0.04 0.19 0.09 0.15 0.05 0.01 0.04 0 0.05 0.01 0 0.02 0 0 0 0
0 0.07 0 0.03 0.06 0.07 0.09 0.12 0.11 0.13 0.08 0.04 0.04 0.02 0.04 0.03 0.03 0.02 0.01 0 0.01 0 0 0
0 0.008 0.0269 0.0023 0.0069 0.0146 0.0179 0.0619 0.1092 0.1303 0.1533 0.1564 0.113 0.0766 0.0536 0.0261 0.0175 0.0109 0.0068 0.0032 0.0039 5e-04 0 0
2e-04 0.0031 0.0192 0.015 0.0263 0.0961 0.1456 0.0747 0.0945 0.0942 0.0945 0.0505 0.0424 0.049 0.0545 0.0605 0.0386 0.0222 0.0084 0.0073 0.002 0.0011 0 0
# wt_srv pollock
0 0.137038229 0.382191551 0.654884572 0.901051238 1.101086843 1.254177594 1.36712965 1.448548268 1.506350672 1.546974255 1.575331305 1.595034972 1.60868314 1.618116663 1.624627525
0 0.137038229 0.382191551 0.654884572 0.901051238 1.101086843 1.254177594 1.36712965 1.448548268 1.506350672 1.546974255 1.575331305 1.595034972 1.60868314 1.618116663 1.624627525
0 0.098049947 0.302350689 0.535866648 0.746959726 0.917288013 1.046318416 1.140442094 1.207500939 1.254559008 1.287256948 1.309829542 1.325345397 1.3359804 1.343256368 1.34822824
0 0.098049947 0.302350689 0.535866648 0.746959726 0.917288013 1.046318416 1.140442094 1.207500939 1.254559008 1.287256948 1.309829542 1.325345397 1.3359804 1.343256368 1.34822824
0 0.059061665 0.222509826 0.416848724 0.592868214 0.733489184 0.838459238 0.913754537 0.96645361 1.002767345 1.02753964 1.044327779 1.055655823 1.06327766 1.068396074 1.071828956
0 0.078678277 0.235606441 0.416405603 0.581882761 0.717369226 0.821665812 0.899057947 0.95519168 0.99532101 1.023743646 1.043755206 1.057791873 1.067614968 1.074480293 1.079275327
0 0.078678277 0.235606441 0.416405603 0.581882761 0.717369226 0.821665812 0.899057947 0.95519168 0.99532101 1.023743646 1.043755206 1.057791873 1.067614968 1.074480293 1.079275327
0 0.098294889 0.248703056 0.415962483 0.570897308 0.701249269 0.804872386 0.884361357 0.94392975 0.987874676 1.019947651 1.043182633 1.059927924 1.071952275 1.080564512 1.086721698
0 0.098294889 0.253690214 0.451942811 0.685810205 0.803619647 0.944166532 1.03627961 1.083792786 1.122604995 1.191436465 1.195353109 1.178504261 1.190494246 1.20811022 1.173372762
0 0.098294889 0.253690214 0.451942811 0.685810205 0.803619647 0.944166532 1.03627961 1.083792786 1.122604995 1.191436465 1.195353109 1.178504261 1.190494246 1.20811022 1.173372762
0 0.098294889 0.253690214 0.451942811 0.685810205 0.803619647 0.944166532 1.03627961 1.083792786 1.122604995 1.191436465 1.195353109 1.178504261 1.190494246 1.20811022 1.173372762
0 0.098294889 0.253690214 0.451942811 0.685810205 0.803619647 0.944166532 1.03627961 1.083792786 1.122604995 1.191436465 1.195353109 1.178504261 1.190494246 1.20811022 1.173372762
0 0 0.258677372 0.48792314 0.800723101 0.905990024 1.083460678 1.188197863 1.223655822 1.257335315 1.362925279 1.347523586 1.297080599 1.309036217 1.335655929 1.260023826
0 0.073519022 0.255971018 0.439037934 0.778477072 0.897565489 1.007083525 1.129316476 1.201207405 1.235307734 1.339625821 1.352688599 1.342944463 1.354080064 1.374350723 1.355845804
0 0.073519022 0.255971018 0.439037934 0.778477072 0.897565489 1.007083525 1.129316476 1.201207405 1.235307734 1.339625821 1.352688599 1.342944463 1.354080064 1.374350723 1.355845804
0 0.073519022 0.255971018 0.439037934 0.778477072 0.897565489 1.007083525 1.129316476 1.201207405 1.235307734 1.339625821 1.352688599 1.342944463 1.354080064 1.374350723 1.355845804
0 0.073519022 0.255971018 0.439037934 0.778477072 0.897565489 1.007083525 1.129316476 1.201207405 1.235307734 1.339625821 1.352688599 1.342944463 1.354080064 1.374350723 1.355845804
0 0.073519022 0.255971018 0.439037934 0.778477072 0.897565489 1.007083525 1.129316476 1.201207405 1.235307734 1.339625821 1.352688599 1.342944463 1.354080064 1.374350723 1.355845804
0 0.069622325 0.253264665 0.390152727 0.756231042 0.889140954 0.930706372 1.070435088 1.178758988 1.213280153 1.316326363 1.357853611 1.388808327 1.399123911 1.413045518 1.451667782
0 0.051143472 0.234013308 0.41947035 0.719804945 0.990200633 1.037690618 1.189813441 1.242481511 1.377397899 1.453441905 1.484670492 1.53738354 1.539335305 1.542586174 1.529952349
0 0.051143472 0.234013308 0.41947035 0.719804945 0.990200633 1.037690618 1.189813441 1.242481511 1.377397899 1.453441905 1.484670492 1.53738354 1.539335305 1.542586174 1.529952349
0 0.051143472 0.234013308 0.41947035 0.719804945 0.990200633 1.037690618 1.189813441 1.242481511 1.377397899 1.453441905 1.484670492 1.53738354 1.539335305 1.542586174 1.529952349
0 0.051143472 0.234013308 0.41947035 0.719804945 0.990200633 1.037690618 1.189813441 1.242481511 1.377397899 1.453441905 1.484670492 1.53738354 1.539335305 1.542586174 1.529952349
0 0.032664618 0.21476195 0.448787974 0.683378849 1.091260313 1.144674864 1.309191794 1.306204033 1.541515644 1.590557447 1.611487373 1.685958753 1.679546698 1.67212683 1.608236917
0 0.032664618 0.21476195 0.448787974 0.683378849 1.091260313 1.144674864 1.309191794 1.306204033 1.541515644 1.590557447 1.611487373 1.685958753 1.679546698 1.67212683 1.608236917
# wt_srv mackerel
0 0.1 0.1276 0.4205 0.6598 0.7557 0.7941 0.8095 0.8157 0.8181 0.8191 0.8195 0.8197 0.8197 0.8198 0.8198
0 0.1 0.1276 0.4205 0.6598 0.7557 0.7941 0.8095 0.8157 0.8181 0.8191 0.8195 0.8197 0.8197 0.8198 0.8198
0 0.1 0.1276 0.4205 0.6598 0.7557 0.7941 0.8095 0.8157 0.8181 0.8191 0.8195 0.8197 0.8197 0.8198 0.8198
0 0.1 0.1276 0.4205 0.6598 0.7557 0.7941 0.8095 0.8157 0.8181 0.8191 0.8195 0.8197 0.8197 0.8198 0.8198
0 0.1 0.1276 0.4205 0.6598 0.7557 0.7941 0.8095 0.8157 0.8181 0.8191 0.8195 0.8197 0.8197 0.8198 0.8198
0 0.1 0.1276 0.4205 0.6598 0.7557 0.7941 0.8095 0.8157 0.8181 0.8191 0.8195 0.8197 0.8197 0.8198 0.8198
0 0.1 0.1276 0.4205 0.6598 0.7557 0.7941 0.8095 0.8157 0.8181 0.8191 0.8195 0.8197 0.8197 0.8198 0.8198
0 0.1 0.1276 0.4205 0.6598 0.7557 0.7941 0.8095 0.8157 0.8181 0.8191 0.8195 0.8197 0.8197 0.8198 0.8198
0 0.1 0.1276 0.4205 0.6598 0.7557 0.7941 0.8095 0.8157 0.8181 0.8191 0.8195 0.8197 0.8197 0.8198 0.8198
0 0.1 0.1276 0.4205 0.6598 0.7557 0.7941 0.8095 0.8157 0.8181 0.8191 0.8195 0.8197 0.8197 0.8198 0.8198
0 0.1 0.1276 0.4205 0.6598 0.7557 0.7941 0.8095 0.8157 0.8181 0.8191 0.8195 0.8197 0.8197 0.8198 0.8198
0 0.1 0.1276 0.4205 0.6598 0.7557 0.7941 0.8095 0.8157 0.8181 0.8191 0.8195 0.8197 0.8197 0.8198 0.8198
0 0.1 0.1276 0.4205 0.6598 0.7557 0.7941 0.8095 0.8157 0.8181 0.8191 0.8195 0.8197 0.8197 0.8198 0.8198
0 0.1 0.1276 0.4205 0.6598 0.7557 0.7941 0.8095 0.8157 0.8181 0.8191 0.8195 0.8197 0.8197 0.8198 0.8198
0 0.1 0.1276 0.4205 0.6598 0.7557 0.7941 0.8095 0.8157 0.8181 0.8191 0.8195 0.8197 0.8197 0.8198 0.8198
0 0.1 0.1276 0.4205 0.6598 0.7557 0.7941 0.8095 0.8157 0.8181 0.8191 0.8195 0.8197 0.8197 0.8198 0.8198
0 0.1 0.1276 0.4205 0.6598 0.7557 0.7941 0.8095 0.8157 0.8181 0.8191 0.8195 0.8197 0.8197 0.8198 0.8198
0 0.1 0.1276 0.4205 0.6598 0.7557 0.7941 0.8095 0.8157 0.8181 0.8191 0.8195 0.8197 0.8197 0.8198 0.8198
0 0.1 0.1276 0.4205 0.6598 0.7557 0.7941 0.8095 0.8157 0.8181 0.8191 0.8195 0.8197 0.8197 0.8198 0.8198
0 0.1 0.1276 0.4205 0.6598 0.7557 0.7941 0.8095 0.8157 0.8181 0.8191 0.8195 0.8197 0.8197 0.8198 0.8198
0 0.1 0.1276 0.4205 0.6598 0.7557 0.7941 0.8095 0.8157 0.8181 0.8191 0.8195 0.8197 0.8197 0.8198 0.8198
0 0.1 0.1276 0.4205 0.6598 0.7557 0.7941 0.8095 0.8157 0.8181 0.8191 0.8195 0.8197 0.8197 0.8198 0.8198
0 0.1 0.1276 0.4205 0.6598 0.7557 0.7941 0.8095 0.8157 0.8181 0.8191 0.8195 0.8197 0.8197 0.8198 0.8198
0 0.1 0.1276 0.4205 0.6598 0.7557 0.7941 0.8095 0.8157 0.8181 0.8191 0.8195 0.8197 0.8197 0.8198 0.8198
0 0.1 0.1276 0.4205 0.6598 0.7557 0.7941 0.8095 0.8157 0.8181 0.8191 0.8195 0.8197 0.8197 0.8198 0.8198
# wt_srv cod
0 0.1 0.3 0.6 1.5 2.6 3.5 5.1 6.8 7.5 8.2 8.4 9.9
0 0.1 0.3 0.6 1.5 2.6 3.5 5.1 6.8 7.5 8.2 8.4 9.9
0 0.1 0.3 0.6 1.5 2.6 3.5 5.1 6.8 7.5 8.2 8.4 9.9
0 0.1 0.3 0.6 1.5 2.6 3.5 5.1 6.8 7.5 8.2 8.4 9.9
0 0.1 0.3 0.6 1.5 2.6 3.5 5.1 6.8 7.5 8.2 8.4 9.9
0 0.1 0.3 0.6 1.5 2.6 3.5 5.1 6.8 7.5 8.2 8.4 9.9
0 0.1 0.3 0.6 1.5 2.6 3.5 5.1 6.8 7.5 8.2 8.4 9.9
0 0.1 0.3 0.6 1.5 2.6 3.5 5.1 6.8 7.5 8.2 8.4 9.9
0 0.1 0.3 0.6 1.5 2.6 3.5 5.1 6.8 7.5 8.2 8.4 9.9
0 0.1 0.3 0.6 1.5 2.6 3.5 5.1 6.8 7.5 8.2 8.4 9.9
0 0.1 0.3 0.6 1.5 2.6 3.5 5.1 6.8 7.5 8.2 8.4 9.9
0 0.1 0.3 0.6 1.5 2.6 3.5 5.1 6.8 7.5 8.2 8.4 9.9
0 0.1 0.3 0.6 1.5 2.6 3.5 5.1 6.8 7.5 8.2 8.4 9.9
0 0.1 0.3 0.6 1.5 2.6 3.5 5.1 6.8 7.5 8.2 8.4 9.9
0 0.1 0.3 0.6 1.5 2.6 3.5 5.1 6.8 7.5 8.2 8.4 9.9
0 0.1 0.3 0.6 1.5 2.6 3.5 5.1 6.8 7.5 8.2 8.4 9.9
0 0.1 0.3 0.6 1.5 2.6 3.5 5.1 6.8 7.5 8.2 8.4 9.9
0 0.1 0.3 0.6 1.5 2.6 3.5 5.1 6.8 7.5 8.2 8.4 9.9
0 0.1 0.3 0.6 1.5 2.6 3.5 5.1 6.8 7.5 8.2 8.4 9.9
0 0.1 0.3 0.6 1.5 2.6 3.5 5.1 6.8 7.5 8.2 8.4 9.9
0 0.1 0.3 0.6 1.5 2.6 3.5 5.1 6.8 7.5 8.2 8.4 9.9
0 0.1 0.3 0.6 1.5 2.6 3.5 5.1 6.8 7.5 8.2 8.4 9.9
0 0.1 0.3 0.6 1.5 2.6 3.5 5.1 6.8 7.5 8.2 8.4 9.9
0 0.1 0.3 0.6 1.5 2.6 3.5 5.1 6.8 7.5 8.2 8.4 9.9
0 0.1 0.3 0.6 1.5 2.6 3.5 5.1 6.8 7.5 8.2 8.4 9.9
# wt_pop pollock
0 0.04 0.21 0.41 0.69 0.89 1.09 1.25 1.33 1.4 1.48 1.51 1.64 1.54 1.51 1.59
# wt_pop mackerel
0 0.1 0.1276 0.4205 0.6598 0.7557 0.7941 0.8095 0.8157 0.8181 0.8191 0.8195 0.8197 0.8197 0.8198 0.8198
# wt_pop cod
0 0.1 0.3 0.6 1.5 2.6 3.5 5.1 6.8 7.5 8.2 8.4 9.9
# maturity (pollock Table 1A.13 2003 SAFE)
0 0.0000 0.0080 0.2890 0.6410 0.8420 0.9010 0.9470 0.9630 0.9700 0.9780 0.9840 0.9900 1.0000 1.0000 1.0000
# maturity (mackerel Table 15.7 2003 SAFE)
0 0 0.0370 0.2240 0.6880 0.9440 0.9920 0.9990 1.0000 1.0000 1.0000 1.0000 1.0000 1.0000 1.0000 1.0000
# maturity (cod interpolated from length-at-age and maturity-at-length)
0 0.001 0.005 0.019 0.09 0.3 0.514 0.75 0.88 0.92 0.94 0.95 0.97

3 #spawnmo (pollock MODELA10_A.DAT)
8 #spawnmo (mackerel ATKA03.DAT)
2 #spawnmo (cod winter spawner)
# al_key pollock
0.0023 0.9953 0.0023 0 0 0 0 0 0 0 0 0 0 0 0 0
0 2e-04 0.1402 0.7772 0.0823 1e-04 0 0 0 0 0 0 0 0 0 0
0 0 0 7e-04 0.0522 0.4368 0.4516 0.0579 8e-04 0 0 0 0 0 0 0
0 0 0 0 5e-04 0.0137 0.1177 0.3506 0.3659 0.1338 0.017 7e-04 0 0 0 0
0 0 0 0 0 0 0.0032 0.0683 0.3477 0.4355 0.135 0.0101 2e-04 0 0 0
0 0 0 0 0 0 0.001 0.0208 0.1485 0.3743 0.3359 0.1071 0.012 5e-04 0 0
0 0 0 0 0 0 0.0014 0.0188 0.1115 0.2938 0.3456 0.1816 0.0425 0.0044 2e-04 0
0 0 0 0 0 0 0 0.0018 0.0279 0.1632 0.3669 0.3189 0.107 0.0137 7e-04 0
0 0 0 0 0 0 0 3e-04 0.0102 0.1141 0.3776 0.3755 0.1122 0.0099 2e-04 0
0 0 0 0 0 0 0 3e-04 0.0073 0.0672 0.2499 0.3777 0.233 0.0584 0.0059 2e-04
0 0 0 0 0 0 0 0 0.001 0.0245 0.1821 0.4188 0.3014 0.0675 0.0046 1e-04
0 0 0 0 0 0 0 3e-04 0.0053 0.0419 0.1639 0.315 0.2984 0.1393 0.032 0.0038
0 0 0 0 0 0 0 0 2e-04 0.0086 0.1022 0.3614 0.3881 0.1267 0.0124 4e-04
0 0 0 0 0 0 0 1e-04 0.0025 0.0245 0.1178 0.2789 0.326 0.1883 0.0537 0.0081
0 0 0 0 0 0 0 0 3e-04 0.0105 0.1121 0.367 0.3766 0.1211 0.012 4e-04
0 0 0 0 0 0 0 2e-04 0.0027 0.025 0.1155 0.2704 0.3217 0.1946 0.0598 0.01
# al_key atka
0.0296 0.9408 0.0296 0 0 0 0 0 0 0 0 0 0
0 6e-04 0.0198 0.18 0.4419 0.2994 0.0555 0.0027 0 0 0 0 0
0 0 0 0 0.0164 0.5035 0.4673 0.0128 0 0 0 0 0
0 0 0 0 0.0033 0.1587 0.6095 0.2218 0.0067 0 0 0 0
0 0 0 0 0 0.0021 0.1815 0.6734 0.1418 0.0012 0 0 0
0 0 0 0 2e-04 0.0082 0.1083 0.3862 0.3832 0.1058 0.0079 2e-04 0
0 0 0 0 1e-04 0.0048 0.0729 0.3221 0.4194 0.1619 0.0182 6e-04 0
0 0 0 0 1e-04 0.003 0.0515 0.2676 0.4292 0.2142 0.0329 0.0015 0
0 0 0 0 0 0.0027 0.0475 0.2556 0.4288 0.2262 0.0372 0.0019 0
0 0 0 0 0 0.0027 0.0475 0.2556 0.4288 0.2262 0.0372 0.0019 0
0 0 0 0 0 0.0027 0.0475 0.2556 0.4288 0.2262 0.0372 0.0019 0
0 0 0 0 0 0.0027 0.0475 0.2556 0.4288 0.2262 0.0372 0.0019 0
0 0 0 0 0 0.0027 0.0475 0.2556 0.4288 0.2262 0.0372 0.0019 0
0 0 0 0 0 0.0027 0.0475 0.2556 0.4288 0.2262 0.0372 0.0019 0
0 0 0 0 0 0.0027 0.0475 0.2556 0.4288 0.2262 0.0372 0.0019 0
0 0 0 0 0 0.0027 0.0475 0.2556 0.4288 0.2262 0.0372 0.0019 0
# al_key cod
0.0352 0.9296 0.0352 0 0 0 0 0 0 0 0 0 0 0 0 0 0 0 0 0 0 0 0 0
0 0.005 0.1215 0.4859 0.3443 0.0424 8e-04 0 0 0 0 0 0 0 0 0 0 0 0 0 0 0 0 0
0 2e-04 0.004 0.0406 0.1805 0.3496 0.2964 0.1098 0.0177 0.0012 0 0 0 0 0 0 0 0 0 0 0 0 0 0
0 0 0 3e-04 0.0079 0.0726 0.2638 0.3812 0.2195 0.0501 0.0045 2e-04 0 0 0 0 0 0 0 0 0 0 0 0
0 0 0 0 0 1e-04 0.0039 0.0473 0.2189 0.3882 0.265 0.0694 0.0069 3e-04 0 0 0 0 0 0 0 0 0 0
0 0 0 0 0 0 0 0 0.0021 0.0457 0.2692 0.4455 0.2091 0.0274 0.001 0 0 0 0 0 0 0 0 0
0 0 0 0 0 0 0 0 0 0 0.0034 0.0849 0.4117 0.4117 0.0849 0.0034 0 0 0 0 0 0 0 0
0 0 0 0 0 0 0 0 0 0 0 6e-04 0.0222 0.2039 0.4648 0.2685 0.0387 0.0013 0 0 0 0 0 0
0 0 0 0 0 0 0 0 0 0 0 2e-04 0.0045 0.043 0.1816 0.344 0.2933 0.1124 0.0193 0.0015 0 0 0 0
0 0 0 0 0 0 0 0 0 0 1e-04 0.0013 0.0093 0.0416 0.1196 0.2214 0.2639 0.2028 0.1004 0.032 0.0066 9e-04 1e-04 0
0 0 0 0 0 0 0 0 0 0 0 0 5e-04 0.0074 0.0525 0.1848 0.3232 0.2811 0.1215 0.026 0.0028 1e-04 0 0
0 0 0 0 0 0 0 0 0 0 0 2e-04 0.002 0.013 0.0533 0.1402 0.2375 0.2593 0.1825 0.0827 0.0241 0.0045 5e-04 0
0 0 0 0 0 0 0 0 0 0 0 1e-04 8e-04 0.0059 0.0277 0.0867 0.1805 0.25 0.2304 0.1414 0.0577 0.0157 0.0028 4e-04
# pred_l_bin pollock
2.5 7.5 12.5 17.5 22.5 27.5 32.5 37.5 42.5 47.5 52.5 57.5 62.5 67.5 72.5 77.5
# pred_l_bin mackerel
2.5 7.5 12.5 17.5 22.5 27.5 32.5 37.5 42.5 47.5 52.5 57.5 62.5
# pred_l_bin cod
2.5 7.5 12.5 17.5 22.5 27.5 32.5 37.5 42.5 47.5 52.5 57.5 62.5 67.5 72.5 77.5 82.5 87.5 92.5 97.5 102.5 107.5 112.5 117.5
# omega_vB pollock
0 0.012217048 0.010854429 0.010087998 0.009625054 0.009333299 0.009144485 0.009020184 0.008937431 0.008881925 0.008844509 0.008819202 0.008802046 0.008790398 0.008782481 0.00878
# omega_vB mackerel
0 0.02749201 0.02389821 0.02276911 0.02236821 0.0222198 0.02216401 0.02214292 0.02213493 0.0221319 0.02213075 0.02213032 0.02213015 0.02213009 0.02213007 0.022
# omega_vB cod
0 0.017699088 0.012982752 0.010922589 0.009819646 0.009164612 0.008751405 0.008480754 0.008299083 0.008175127 0.008089603 0.008030141 0.008
 # omega_sigma
5e-04 5e-04 5e-04
 # nyrs_stomwts
17 11 20
 # nyrs_stomlns
8 3 1 3 1 1 13 15 4
# yrs_stomwts
1982 1983 1986 1987 1988 1990 1991 1992 1993 1994 1995 1996 1997 2000 2001 2002 2003
1986 1987 1988 1990 1991 1994 1997 1999 2000 2001 2002
1983 1984 1985 1986 1987 1988 1990 1991 1992 1993 1994 1995 1996 1997 1998 1999 2000 2001 2002 2003
# yrs_stomlns
1986 1987 1988 1990 1991 1994 2001 2003
1994 2000 2002
1991
1986 1987 1991
2001
1994
1985 1986 1987 1988 1990 1991 1993 1994 1997 1998 2000 2002 2003
1985 1986 1987 1990 1991 1993 1994 1995 1996 1997 1998 2000 2001 2002 2003
1985 1987 1991 1994
# stoms_wt 
100 100 100 100 100 100 100 100 100 100 100 100 100 100 100 100 100
100 100 100 100 100 100 100 100 100 100 100 100 100 100 100 100 100
100 100 100 100 100 100 100 100 100 100 100 100 100 100 100 100 100
100 100 100 100 100 100 100 100 100 100 100 100 100 100 100 100 100
100 100 100 100 100 100 100 100 100 100 100 100 100 100 100 100 100
100 100 100 100 100 100 100 100 100 100 100 100 100 100 100 100 100
100 100 100 100 100 100 100 100 100 100 100 100 100 100 100 100 100
100 100 100 100 100 100 100 100 100 100 100 100 100 100 100 100 100
100 100 100 100 100 100 100 100 100 100 100 100 100 100 100 100 100
100 100 100 100 100 100 100 100 100 100 100 100 100 100 100 100 100
100 100 100 100 100 100 100 100 100 100 100 100 100 100 100 100 100
100 100 100 100 100 100 100 100 100 100 100 100 100 100 100 100 100
100 100 100 100 100 100 100 100 100 100 100 100 100 100 100 100 100
100 100 100 100 100 100 100 100 100 100 100 100 100 100 100 100 100
100 100 100 100 100 100 100 100 100 100 100 100 100 100 100 100 100
100 100 100 100 100 100 100 100 100 100 100 100 100 100 100 100 100
# stoms_wt 
100 100 100 100 100 100 100 100 100 100 100
100 100 100 100 100 100 100 100 100 100 100
100 100 100 100 100 100 100 100 100 100 100
100 100 100 100 100 100 100 100 100 100 100
100 100 100 100 100 100 100 100 100 100 100
100 100 100 100 100 100 100 100 100 100 100
100 100 100 100 100 100 100 100 100 100 100
100 100 100 100 100 100 100 100 100 100 100
100 100 100 100 100 100 100 100 100 100 100
100 100 100 100 100 100 100 100 100 100 100
100 100 100 100 100 100 100 100 100 100 100
100 100 100 100 100 100 100 100 100 100 100
100 100 100 100 100 100 100 100 100 100 100
# stoms_wt 
100 100 100 100 100 100 100 100 100 100 100 100 100 100 100 100 100 100 100 100
100 100 100 100 100 100 100 100 100 100 100 100 100 100 100 100 100 100 100 100
100 100 100 100 100 100 100 100 100 100 100 100 100 100 100 100 100 100 100 100
100 100 100 100 100 100 100 100 100 100 100 100 100 100 100 100 100 100 100 100
100 100 100 100 100 100 100 100 100 100 100 100 100 100 100 100 100 100 100 100
100 100 100 100 100 100 100 100 100 100 100 100 100 100 100 100 100 100 100 100
100 100 100 100 100 100 100 100 100 100 100 100 100 100 100 100 100 100 100 100
100 100 100 100 100 100 100 100 100 100 100 100 100 100 100 100 100 100 100 100
100 100 100 100 100 100 100 100 100 100 100 100 100 100 100 100 100 100 100 100
100 100 100 100 100 100 100 100 100 100 100 100 100 100 100 100 100 100 100 100
100 100 100 100 100 100 100 100 100 100 100 100 100 100 100 100 100 100 100 100
100 100 100 100 100 100 100 100 100 100 100 100 100 100 100 100 100 100 100 100
100 100 100 100 100 100 100 100 100 100 100 100 100 100 100 100 100 100 100 100
100 100 100 100 100 100 100 100 100 100 100 100 100 100 100 100 100 100 100 100
100 100 100 100 100 100 100 100 100 100 100 100 100 100 100 100 100 100 100 100
100 100 100 100 100 100 100 100 100 100 100 100 100 100 100 100 100 100 100 100
100 100 100 100 100 100 100 100 100 100 100 100 100 100 100 100 100 100 100 100
100 100 100 100 100 100 100 100 100 100 100 100 100 100 100 100 100 100 100 100
100 100 100 100 100 100 100 100 100 100 100 100 100 100 100 100 100 100 100 100
100 100 100 100 100 100 100 100 100 100 100 100 100 100 100 100 100 100 100 100
100 100 100 100 100 100 100 100 100 100 100 100 100 100 100 100 100 100 100 100
100 100 100 100 100 100 100 100 100 100 100 100 100 100 100 100 100 100 100 100
100 100 100 100 100 100 100 100 100 100 100 100 100 100 100 100 100 100 100 100
100 100 100 100 100 100 100 100 100 100 100 100 100 100 100 100 100 100 100 100
# stoms_ln_prey pollpoll
0 0 0 0 0 0 0 0
0 0 0 0 0 0 0 0
0 0 0 0 0 0 0 0
0 0 0 0 0 0 0 0
0 0 0 0 0 0 0 0
0 0 0 0 0 0 3 0
0 0 0 0 0 0 0 0
4 0 0 0 0 0 0 2
13 5 1 0 0 0 3 6
61 12 0 0 0 4 2 0
43 3 3 1 1 2 3 1
4 3 0 1 3 4 3 1
2 3 0 1 0 6 0 0
0 0 0 0 0 2 0 0
0 0 0 0 0 0 0 0
0 0 0 0 0 0 0 0
# stoms_ln_prey pollmack
0 0 0
0 0 0
0 0 0
0 0 0
0 0 0
0 0 0
0 0 0
0 0 0
0 0 0
0 0 0
1 0 1
0 0 0
0 0 1
1 0 1
0 0 0
0 0 0
# stoms_ln_prey pollcod
0
0
0
0
0
0
0
0
0
0
0
1
0
0
0
0
# stoms_ln_prey mackpoll
0 0 0
0 0 0
0 0 0
0 0 0
0 0 0
0 0 1
3 2 1
31 0 7
42 0 2
0 0 0
0 0 0
0 0 0
0 0 0
# stoms_ln_prey mackmack
0
0
0
0
0
0
0
0
1
0
0
0
0
# stoms_ln_prey mackcod
0
0
0
0
0
0
0
1
0
0
0
0
0
# stoms_ln_prey codpoll
0 0 0 0 0 0 0 0 0 0 0 0 0
0 0 0 0 0 0 0 0 0 0 0 0 0
0 0 0 0 0 0 0 0 0 0 0 0 0
0 0 0 0 0 0 0 0 0 0 0 0 0
0 0 0 0 0 0 0 0 0 0 0 0 0
0 0 0 0 0 0 0 0 0 0 0 0 0
0 0 0 0 0 0 0 0 0 0 0 0 0
0 0 0 0 0 0 0 0 0 0 0 0 0
0 0 1 0 0 0 0 0 0 0 0 0 0
0 0 0 0 0 0 1 0 0 0 0 0 0
0 0 0 0 0 0 0 0 0 0 0 0 0
0 0 0 0 0 0 1 0 0 0 0 0 0
0 0 0 0 0 4 0 0 4 0 1 1 0
0 0 0 0 0 4 0 9 1 0 1 0 1
0 2 0 0 0 4 3 2 1 0 0 0 1
0 2 2 0 0 5 0 3 1 0 0 0 1
0 0 0 3 0 1 1 2 1 0 0 0 2
0 0 0 0 0 3 0 4 0 0 0 6 1
0 1 2 0 1 2 0 2 0 0 0 0 2
0 0 1 0 1 2 1 0 1 1 0 0 0
0 0 0 0 0 0 0 0 0 0 0 0 0
1 0 0 0 0 0 0 0 0 0 0 0 0
0 0 0 1 0 0 0 0 0 0 0 0 0
0 0 0 0 0 0 0 0 0 0 0 0 0
# stoms_ln_prey codmack
0 0 0 0 0 0 0 0 0 0 0 0 0 0 0
0 0 0 0 0 0 0 0 0 0 0 0 0 0 0
0 0 0 0 0 0 0 0 0 0 0 0 0 0 0
0 0 0 0 0 0 0 0 0 0 0 0 0 0 0
0 0 0 0 0 0 0 0 0 0 0 0 0 0 0
0 0 0 0 0 0 0 0 0 0 0 0 0 0 0
0 0 0 0 0 0 0 0 0 0 0 0 0 0 0
0 0 0 0 0 0 0 0 0 0 0 0 0 0 0
0 0 0 0 0 0 1 0 0 1 0 0 0 0 0
1 0 0 0 1 0 0 0 0 0 0 1 0 1 0
0 0 0 2 1 0 0 0 0 0 0 4 0 0 0
1 1 2 1 2 0 4 0 0 2 0 12 0 4 0
8 0 1 0 2 0 1 0 0 4 0 11 0 0 0
2 0 1 2 7 0 5 1 0 1 0 14 3 2 0
1 0 2 0 5 0 1 0 1 1 0 16 0 10 0
2 1 6 0 5 0 2 0 1 0 0 26 5 10 1
1 1 0 1 4 0 7 1 0 0 2 7 5 16 0
3 1 0 0 1 0 14 0 0 0 0 1 5 9 0
0 3 1 1 4 0 1 1 0 0 1 2 2 13 0
0 1 2 0 0 1 6 0 0 0 0 3 2 7 0
0 0 1 0 1 0 3 0 0 0 0 0 3 3 0
0 0 0 0 0 0 0 0 0 0 2 0 0 0 0
0 0 0 0 0 0 0 0 0 0 0 2 0 0 0
0 0 0 0 0 0 0 0 0 0 0 0 0 0 0
# stoms_ln_prey codcod
0 0 0 0
0 0 0 0
0 0 0 0
0 0 0 0
0 0 0 0
0 0 0 0
0 0 0 0
0 0 0 0
0 0 0 1
0 1 0 0
0 2 0 0
0 0 0 0
0 0 1 0
0 0 0 0
0 0 0 0
0 0 1 0
0 0 0 0
1 0 0 0
0 0 0 0
0 0 0 0
0 0 0 0
0 0 0 0
0 0 0 0
0 0 0 0
 # min_SS_w
0 0 0
 # max_SS_w
2000 2000 2000
 # min_SS_l
0 0 0 0 0 0 0 0 0
 # max_SS_l
2000 2000 2000 2000 2000 2000 2000 2000 2000
 # i_wt_yrs_all
17 17 17 17 11 11 11 11 20 20 20 20
# diet_w_dat poll_poll
0 0 0 0 0 0 0 0 0 0 0 0 0 0 0 0 0
0 0 0 0 0 0 0 0 0 0 0 0 0 0 0 0 0
0 0 0 0 0 0 0 0 0 0 0 0 0 0 0 0 0
0 0 0 0 0 0 0 0 0 0 0 0 0 0 0 0 0
0 0 0 0 0 0 0 0 0 0 0 0 0 0 0 0 0
0 0.01 0.03 0 0.01 0.01 0 0 0 0.01 0 0 0 0 0 0 0.06
0 0.01 0.05 0 0.01 0 0.03 0.01 0 0.01 0 0 0 0 0 0 0.22
0.02 0.03 0.07 0.05 0.02 0.02 0.01 0.04 0 0 0 0 0 0 0 0 0.24
0.05 0.03 0.11 0.05 0.04 0.01 0.02 0.02 0.01 0.01 0 0.01 0 0 0.01 0 0.24
0.07 0.04 0.15 0.09 0.07 0.02 0.03 0.03 0 0.01 0.01 0 0 0.01 0 0.01 0.17
0.11 0.09 0.2 0.09 0.06 0.04 0.03 0.03 0.03 0 0.04 0.02 0 0 0 0 0.22
0.17 0.1 0.19 0.16 0.13 0.04 0.04 0.07 0.1 0.05 0.01 0.03 0.01 0 0.01 0 0.23
0.16 0.17 0.18 0.18 0.1 0.02 0.09 0.05 0.05 0.04 0.03 0.02 0.01 0.02 0.01 0 0.27
0.29 0.16 0.23 0.24 0.21 0.12 0.1 0.12 0.04 0.15 0.1 0.05 0.04 0 0 0 0.37
0.21 0.18 0.21 0.18 0.25 0.19 0.14 0.1 0.09 0.08 0.1 0.08 0.05 0.01 0.02 0.03 0.24
0.28 0.32 0.17 0.31 0.21 0.24 0.14 0.13 0.11 0.05 0.11 0.06 0.05 0.03 0.02 0.03 0.32
# diet_w_dat poll_mack
0 0 0 0 0 0 0 0 0 0 0 0 0 0 0 0 0
0 0 0 0 0 0 0 0 0 0 0 0 0 0 0 0 0
0 0 0 0 0 0 0 0 0 0 0 0 0 0 0 0 0
0 0 0 0 0 0 0 0 0 0 0 0 0 0 0 0 0
0 0 0 0 0 0 0 0 0 0 0 0 0 0 0 0 0
0 0 0 0 0 0 0 0 0.02 0 0 0.01 0 0 0 0 0
0.01 0 0.01 0 0 0 0 0 0 0 0 0 0.01 0 0 0 0
0 0.04 0.03 0.02 0.01 0.01 0.01 0.01 0 0.01 0 0 0 0 0 0 0
0 0.02 0.01 0.02 0.01 0.01 0 0 0 0 0.01 0 0 0 0.01 0 0
0.01 0 0.01 0.01 0.02 0 0 0.01 0.02 0 0.01 0.01 0.01 0 0.01 0 0
0.01 0.02 0 0.01 0.03 0 0.01 0 0 0.01 0 0.01 0.02 0.01 0.01 0 0
0.02 0 0 0 0.04 0.01 0.01 0.03 0.01 0.02 0.01 0 0.01 0.02 0.01 0.02 0
0.01 0 0.01 0.03 0.02 0 0.01 0.01 0.03 0.02 0 0.01 0.02 0 0 0.01 0
0 0.02 0.01 0 0 0.02 0.03 0.05 0.02 0.03 0.01 0.02 0.01 0.01 0 0 0.02
0.04 0.02 0.03 0.02 0.03 0.01 0 0.04 0.01 0.03 0.03 0.06 0.04 0 0.01 0.02 0.02
0.03 0.03 0.03 0.02 0.06 0.03 0.05 0.02 0.01 0.03 0 0.02 0.06 0.03 0 0.01 0.02
# diet_w_dat poll_cod
0 0 0 0 0 0 0 0 0 0 0 0 0 0 0 0 0
0 0 0 0 0 0 0 0 0 0 0 0 0 0 0 0 0
0 0 0 0 0 0 0 0 0 0 0 0 0 0 0 0 0
0 0 0 0 0 0 0 0 0 0 0 0 0 0 0 0 0
0 0 0 0 0 0 0 0 0 0 0 0 0 0 0 0 0
0 0.01 0 0 0 0 0 0 0 0 0 0 0 0 0 0 0
0 0 0 0 0 0 0 0 0 0 0 0 0 0 0 0 0
0 0 0 0 0 0 0 0 0 0 0 0 0 0.01 0 0 0
0 0 0 0 0 0 0 0 0 0 0 0 0 0 0 0 0
0 0 0 0.01 0 0 0 0 0 0 0.01 0 0 0 0 0 0
0 0 0 0 0 0.01 0 0.01 0 0 0 0 0 0 0 0 0
0 0 0 0 0 0 0 0 0 0.01 0 0 0 0 0 0 0
0 0.01 0 0 0 0 0 0 0 0 0 0 0 0 0 0 0
0 0 0 0 0 0 0 0 0.01 0 0 0.01 0 0 0 0 0
0 0 0 0 0 0 0 0 0 0 0 0.01 0 0 0 0 0
0 0 0 0 0 0 0 0 0 0.01 0 0 0.01 0.01 0 0 0
# diet_w_dat poll_other
1 1 1 1 1 1 1 1 1 1 1 1 1 1 1 1 1
1 1 1 1 1 1 1 1 1 1 1 1 1 1 1 1 1
1 1 1 1 1 1 1 1 1 1 1 1 1 1 1 1 1
1 1 1 1 1 1 1 1 1 1 1 1 1 1 1 1 1
1 1 1 1 1 1 1 1 1 1 1 1 1 1 1 1 1
1 0.98 0.97 1 0.99 0.99 1 1 0.98 0.99 1 0.99 1 1 1 1 0.94
0.99 0.99 0.94 1 0.99 1 0.97 0.99 1 0.99 1 1 0.99 1 1 1 0.78
0.98 0.93 0.9 0.93 0.97 0.97 0.98 0.95 1 0.99 1 1 1 0.99 1 1 0.76
0.95 0.95 0.88 0.93 0.95 0.98 0.98 0.98 0.99 0.99 0.99 0.99 1 1 0.98 1 0.76
0.92 0.96 0.84 0.89 0.91 0.98 0.97 0.96 0.98 0.99 0.97 0.99 0.99 0.99 0.99 0.99 0.83
0.88 0.89 0.8 0.9 0.91 0.95 0.96 0.96 0.97 0.99 0.96 0.97 0.98 0.99 0.99 1 0.78
0.81 0.9 0.81 0.84 0.83 0.95 0.95 0.9 0.89 0.92 0.98 0.97 0.98 0.98 0.98 0.98 0.77
0.83 0.82 0.81 0.79 0.88 0.98 0.9 0.94 0.92 0.94 0.97 0.97 0.97 0.98 0.99 0.99 0.73
0.71 0.82 0.76 0.76 0.79 0.86 0.87 0.83 0.93 0.82 0.89 0.92 0.95 0.99 1 1 0.61
0.75 0.8 0.76 0.8 0.72 0.8 0.86 0.86 0.9 0.89 0.87 0.85 0.91 0.99 0.97 0.95 0.74
0.69 0.65 0.8 0.67 0.73 0.73 0.81 0.85 0.88 0.91 0.89 0.92 0.88 0.93 0.98 0.96 0.66
# diet_w_dat mack_poll
0 0 0 0 0 0 0 0 0 0 0
0 0.01 0.01 0 0.01 0 0 0 0 0 0
0 0 0 0 0 0.01 0 0.01 0 0 0
0.01 0 0 0.01 0 0 0 0.01 0 0 0
0 0 0.01 0.01 0 0 0 0 0 0 0
0 0 0.01 0 0 0 0 0 0 0.01 0
0 0 0 0.01 0 0 0 0 0 0 0
0.01 0.02 0.01 0.01 0.01 0 0.02 0.01 0 0 0
0.03 0.02 0.04 0.01 0.01 0 0.02 0 0.03 0.01 0
0.05 0.04 0.02 0.01 0.02 0.01 0 0 0.01 0.01 0
0.01 0.03 0.04 0.02 0.01 0 0 0.01 0 0.01 0
0.02 0.01 0.03 0 0.02 0.02 0 0 0.02 0.03 0.01
0.25 0.32 0.24 0.16 0.34 0.27 0.28 0.21 0.18 0.21 0.3
# diet_w_dat mack_mack
0 0 0 0 0 0 0 0 0 0 0
0 0 0 0 0 0 0 0 0 0 0
0 0 0 0 0 0 0 0 0 0 0
0 0 0 0 0 0 0 0 0 0 0
0 0 0 0 0 0 0 0 0 0 0
0 0 0 0 0 0.01 0 0 0 0 0
0 0 0 0 0 0 0 0.01 0 0 0
0.01 0 0 0.01 0 0 0 0 0 0 0
0 0 0 0.01 0.01 0.01 0.01 0.04 0 0 0.01
0 0 0 0.02 0 0 0 0.01 0 0.01 0.02
0.04 0.01 0.01 0.01 0.01 0 0 0.03 0.02 0.01 0
0.01 0.01 0.01 0 0.01 0.02 0 0 0.01 0.01 0
0.2 0.23 0.24 0.26 0.33 0.19 0.3 0.28 0.27 0.31 0.24
# diet_w_dat mack_cod
0 0 0 0 0 0 0 0 0 0 0
0 0 0 0 0 0 0 0 0 0 0
0 0 0 0 0 0 0 0 0 0 0
0 0 0 0 0 0 0 0 0 0 0
0 0 0 0 0 0 0 0 0 0 0
0 0 0 0 0 0 0 0 0 0 0
0 0 0 0 0 0 0 0 0 0 0
0 0 0 0 0 0 0 0 0 0.01 0
0 0 0 0 0 0 0 0 0 0 0
0 0 0 0 0 0 0 0 0 0 0
0 0 0 0 0 0 0 0 0 0 0.01
0 0 0 0 0 0 0 0 0 0 0
0.23 0.18 0.23 0.22 0.21 0.28 0.26 0.24 0.29 0.29 0.24
# diet_w_dat mack_other
1 1 1 1 1 1 1 1 1 1 1
1 0.99 0.99 1 0.99 1 1 1 1 1 1
1 1 1 1 1 0.99 1 0.99 1 1 1
0.99 1 1 0.99 1 1 1 0.99 1 1 1
1 1 0.99 0.99 1 1 1 1 1 1 1
1 1 0.99 1 1 0.99 1 1 1 0.99 1
1 1 1 0.99 1 1 1 0.99 1 1 1
0.98 0.98 0.99 0.98 0.99 1 0.98 0.99 1 0.99 1
0.97 0.98 0.96 0.98 0.98 0.99 0.97 0.96 0.97 0.99 0.99
0.95 0.96 0.98 0.97 0.98 0.99 1 0.99 0.99 0.98 0.98
0.95 0.96 0.95 0.97 0.98 1 1 0.96 0.98 0.98 0.99
0.97 0.98 0.96 1 0.97 0.96 1 1 0.97 0.96 0.99
0.32 0.27 0.29 0.36 0.12 0.26 0.16 0.27 0.26 0.19 0.22
# diet_w_dat cod_poll
0 0 0 0 0 0 0 0 0 0 0 0 0 0 0 0 0 0 0 0
0 0 0 0 0 0 0 0 0 0 0 0 0 0 0 0 0 0 0 0
0 0 0 0 0 0 0 0 0 0 0 0 0 0 0 0 0 0 0 0
0 0 0 0 0 0 0 0 0 0 0 0 0 0 0 0 0 0 0 0
0 0 0 0 0 0 0 0 0 0 0 0 0 0 0 0 0 0 0 0
0.01 0 0 0 0 0 0 0 0 0.01 0 0 0 0 0 0 0 0 0 0
0.02 0 0 0 0 0 0.01 0 0 0 0 0 0.01 0 0 0 0 0 0 0.01
0.01 0.01 0 0 0 0.01 0.01 0 0 0.01 0 0.01 0.02 0 0 0 0.01 0.01 0 0.03
0 0.03 0 0.01 0 0.01 0 0.01 0.01 0.01 0.02 0 0.01 0.01 0 0 0 0.01 0 0.05
0.01 0.02 0.04 0.02 0.01 0.03 0.01 0.01 0 0 0.01 0.02 0.02 0 0 0.01 0.03 0.01 0.01 0.04
0.01 0 0.07 0.02 0.04 0.04 0.02 0.03 0.07 0.01 0.03 0.02 0.02 0 0.02 0 0.02 0.02 0.01 0.05
0.09 0.05 0.03 0.08 0.03 0.06 0.06 0.01 0.04 0.02 0.04 0.06 0.02 0.01 0 0.01 0.01 0.03 0 0.08
0.06 0.15 0.06 0.07 0.06 0.05 0.08 0.07 0.05 0.08 0.06 0.03 0.03 0.03 0.01 0.01 0.05 0.03 0.01 0.09
0.11 0.23 0.26 0.1 0.15 0.12 0.04 0.19 0.02 0.11 0.1 0.04 0.04 0.04 0 0 0.02 0.04 0.07 0.12
0.13 0.26 0.24 0.21 0.24 0.19 0.12 0.17 0.16 0.16 0.15 0.06 0.12 0.06 0.02 0.03 0.06 0.06 0.05 0.14
0.19 0.23 0.27 0.33 0.24 0.25 0.15 0.2 0.11 0.22 0.17 0.12 0.08 0.1 0.04 0.05 0.03 0.08 0.08 0.15
0.11 0.23 0.31 0.26 0.22 0.25 0.23 0.2 0.16 0.14 0.13 0.11 0.11 0.1 0.09 0.05 0.05 0.1 0.1 0.1
0.13 0.3 0.26 0.3 0.23 0.19 0.2 0.21 0.19 0.19 0.21 0.14 0.12 0.17 0.05 0.05 0.03 0.1 0.08 0.1
0.16 0.26 0.25 0.26 0.19 0.21 0.12 0.22 0.16 0.16 0.24 0.2 0.08 0.12 0.12 0.05 0.03 0.12 0.17 0.09
0.26 0.23 0.28 0.34 0.19 0.25 0.17 0.18 0.22 0.19 0.13 0.15 0.09 0.15 0.11 0.03 0.04 0.09 0.08 0.08
0.12 0.31 0.32 0.27 0.3 0.19 0.18 0.19 0.09 0.25 0.2 0.16 0.13 0.12 0.13 0.07 0.04 0.1 0.08 0.07
0.13 0.37 0.32 0.28 0.25 0.27 0.18 0.16 0.17 0.14 0.14 0.16 0.17 0.15 0.15 0.03 0.05 0.11 0.07 0.11
0.23 0.25 0.38 0.33 0.26 0.23 0.25 0.2 0.12 0.16 0.24 0.14 0.14 0.17 0.08 0.07 0.02 0.1 0.05 0.06
0.12 0.32 0.28 0.31 0.2 0.26 0.18 0.24 0.18 0.2 0.19 0.17 0.15 0.18 0.12 0.03 0.02 0.15 0.14 0.06
# diet_w_dat cod_mack
0 0 0 0 0 0 0 0 0 0 0 0 0 0 0 0 0 0 0 0
0 0 0 0 0 0 0 0 0 0 0 0 0 0 0 0 0 0 0 0
0 0 0 0 0 0 0 0 0 0 0 0 0 0 0 0 0 0 0 0
0 0 0 0 0 0 0 0 0 0 0 0 0 0 0 0 0 0 0 0
0 0 0 0 0 0 0 0 0 0 0 0 0 0 0 0 0 0 0 0
0 0 0 0 0 0 0 0 0 0 0 0 0 0 0 0 0 0 0 0
0 0 0 0 0 0.01 0 0 0 0.02 0 0 0 0 0.01 0 0 0 0 0
0.01 0.02 0 0 0 0.05 0.01 0.02 0 0.03 0.02 0 0 0 0 0.02 0.02 0.03 0 0
0 0.08 0 0 0.01 0.03 0.03 0.05 0 0.04 0.04 0.01 0.04 0.03 0 0.03 0.07 0.09 0 0.02
0.01 0.06 0.2 0 0.04 0.11 0.07 0.03 0.05 0.09 0.06 0.07 0.09 0.03 0.02 0.07 0.16 0.13 0.03 0.02
0.07 0.04 0.18 0.04 0.07 0.07 0.03 0.08 0.23 0.15 0.08 0.13 0.08 0.04 0.12 0.13 0.24 0.24 0.06 0.03
0.09 0.06 0.23 0.12 0.04 0.08 0.16 0.12 0.22 0.17 0.22 0.15 0.15 0.06 0.11 0.18 0.34 0.23 0.17 0.04
0.11 0.15 0.2 0.14 0.15 0.12 0.11 0.17 0.22 0.18 0.2 0.13 0.17 0.09 0.11 0.18 0.29 0.32 0.17 0.2
0.1 0.19 0.17 0.2 0.22 0.23 0.1 0.4 0.25 0.17 0.27 0.15 0.17 0.17 0.14 0.17 0.34 0.21 0.31 0.17
0.15 0.22 0.27 0.24 0.22 0.34 0.23 0.35 0.38 0.28 0.35 0.33 0.22 0.31 0.24 0.25 0.39 0.43 0.42 0.27
0.25 0.26 0.32 0.27 0.25 0.2 0.42 0.28 0.43 0.3 0.29 0.32 0.37 0.23 0.46 0.31 0.45 0.41 0.53 0.52
0.2 0.21 0.27 0.3 0.3 0.22 0.37 0.39 0.35 0.43 0.39 0.43 0.36 0.32 0.39 0.41 0.46 0.43 0.51 0.58
0.31 0.2 0.26 0.18 0.34 0.32 0.32 0.39 0.41 0.37 0.36 0.34 0.34 0.26 0.33 0.42 0.47 0.39 0.61 0.41
0.27 0.16 0.23 0.23 0.34 0.22 0.44 0.35 0.45 0.4 0.4 0.34 0.46 0.32 0.34 0.36 0.48 0.42 0.54 0.59
0.25 0.19 0.31 0.2 0.29 0.24 0.41 0.4 0.43 0.38 0.45 0.34 0.34 0.39 0.34 0.33 0.41 0.52 0.63 0.57
0.29 0.18 0.23 0.26 0.27 0.3 0.46 0.37 0.61 0.32 0.29 0.33 0.45 0.36 0.36 0.3 0.35 0.42 0.5 0.71
0.23 0.23 0.18 0.25 0.31 0.29 0.46 0.49 0.45 0.44 0.37 0.45 0.46 0.36 0.32 0.32 0.36 0.43 0.56 0.68
0.3 0.25 0.23 0.19 0.28 0.33 0.36 0.4 0.48 0.45 0.42 0.4 0.45 0.28 0.23 0.3 0.44 0.52 0.74 0.6
0.31 0.21 0.28 0.27 0.32 0.31 0.34 0.32 0.45 0.38 0.39 0.36 0.35 0.31 0.32 0.3 0.5 0.41 0.51 0.55
# diet_w_dat cod_cod
0 0 0 0 0 0 0 0 0 0 0 0 0 0 0 0 0 0 0 0
0 0 0 0 0 0 0 0 0 0 0 0 0 0 0 0 0 0 0 0
0 0 0 0 0 0 0 0 0 0 0 0 0 0 0 0 0 0 0 0
0 0 0 0 0 0 0 0 0 0 0 0 0 0 0 0 0 0 0 0
0 0 0 0 0 0 0 0 0 0 0 0 0 0 0 0 0 0 0 0
0 0 0 0 0 0 0 0 0 0 0 0 0 0 0 0 0 0 0 0
0 0 0 0 0 0 0 0 0 0 0 0 0 0 0 0 0 0 0 0
0 0 0 0 0 0 0 0 0 0 0 0 0 0 0 0 0 0 0 0
0 0 0 0 0 0 0 0 0 0 0 0 0 0 0 0 0 0 0 0
0 0 0 0 0 0 0.01 0 0 0 0.01 0 0 0 0 0 0 0 0 0
0 0 0 0 0 0 0 0 0 0 0.01 0 0 0 0 0 0 0 0 0
0 0 0.01 0 0 0 0 0 0 0 0.01 0 0 0 0 0 0 0 0 0
0.01 0 0 0 0.01 0.01 0 0 0 0 0.01 0.01 0 0 0 0 0.01 0 0.01 0
0 0 0 0 0.01 0.01 0 0 0 0 0.01 0 0 0.01 0.01 0.01 0 0 0 0.01
0 0 0 0.02 0 0.01 0.01 0 0 0 0 0.01 0 0 0 0.01 0.02 0 0 0
0 0 0 0.02 0 0.01 0 0 0.02 0 0.01 0.02 0.03 0.02 0.01 0 0.01 0 0 0
0.03 0.01 0.02 0 0.02 0.01 0.01 0 0 0 0 0.01 0.01 0.01 0.04 0.01 0.02 0.04 0.01 0.01
0.01 0 0 0.03 0 0.03 0.02 0 0.01 0.04 0.02 0.01 0.01 0.02 0.04 0.02 0.02 0.02 0 0.01
0.03 0 0.03 0.01 0.01 0.01 0.03 0.02 0.02 0.02 0.01 0.01 0 0.01 0.01 0.02 0 0.03 0.01 0.03
0 0 0.02 0.02 0.02 0.01 0 0.01 0.02 0.02 0 0.02 0.01 0.01 0.03 0.01 0.01 0 0 0.02
0 0 0.01 0.03 0.01 0.01 0 0.03 0.01 0 0.01 0 0.01 0.02 0.02 0.01 0 0.03 0.01 0
0.02 0 0.03 0.01 0.02 0.01 0.01 0 0.01 0.01 0.02 0 0.01 0.04 0.06 0.03 0.02 0 0.01 0.01
0 0 0.01 0.01 0 0 0 0.01 0.02 0.02 0.01 0.01 0.02 0.02 0.08 0.01 0.01 0 0.01 0.01
0 0.01 0.01 0.01 0.01 0.02 0.02 0.01 0.01 0.01 0 0.02 0.02 0.01 0.06 0.02 0.01 0 0.01 0
# diet_w_dat cod_other
1 1 1 1 1 1 1 1 1 1 1 1 1 1 1 1 1 1 1 1
1 1 1 1 1 1 1 1 1 1 1 1 1 1 1 1 1 1 1 1
1 1 1 1 1 1 1 1 1 1 1 1 1 1 1 1 1 1 1 1
1 1 1 1 1 1 1 1 1 1 1 1 1 1 1 1 1 1 1 1
1 1 1 1 1 1 1 1 1 1 1 1 1 1 1 1 1 1 1 1
0.99 1 1 1 1 1 1 1 1 0.99 1 1 1 1 1 1 1 1 1 1
0.98 1 1 1 1 0.99 0.99 1 1 0.98 1 1 0.99 1 0.99 1 1 1 1 0.99
0.98 0.97 1 1 1 0.94 0.98 0.98 1 0.96 0.98 0.99 0.98 1 1 0.98 0.97 0.96 1 0.97
1 0.89 1 0.99 0.99 0.96 0.97 0.94 0.99 0.95 0.94 0.99 0.95 0.96 1 0.97 0.93 0.9 1 0.93
0.98 0.92 0.76 0.98 0.95 0.86 0.91 0.96 0.95 0.91 0.92 0.91 0.89 0.97 0.98 0.92 0.81 0.86 0.96 0.94
0.92 0.96 0.75 0.94 0.89 0.89 0.95 0.89 0.7 0.84 0.88 0.85 0.9 0.96 0.86 0.87 0.74 0.74 0.93 0.92
0.82 0.89 0.73 0.8 0.93 0.86 0.78 0.87 0.74 0.81 0.73 0.79 0.83 0.93 0.89 0.81 0.65 0.74 0.83 0.88
0.82 0.7 0.74 0.79 0.78 0.82 0.81 0.76 0.73 0.74 0.73 0.83 0.8 0.88 0.88 0.81 0.65 0.65 0.81 0.71
0.79 0.58 0.57 0.7 0.62 0.64 0.86 0.41 0.73 0.72 0.62 0.81 0.79 0.78 0.85 0.82 0.64 0.75 0.62 0.7
0.72 0.52 0.49 0.53 0.54 0.46 0.64 0.48 0.46 0.56 0.5 0.6 0.66 0.63 0.74 0.71 0.53 0.51 0.53 0.59
0.56 0.51 0.41 0.38 0.51 0.54 0.43 0.52 0.44 0.48 0.53 0.54 0.52 0.65 0.49 0.64 0.51 0.51 0.39 0.33
0.66 0.55 0.4 0.44 0.46 0.52 0.39 0.41 0.49 0.43 0.48 0.45 0.52 0.57 0.48 0.53 0.47 0.43 0.38 0.31
0.55 0.5 0.48 0.49 0.43 0.46 0.46 0.4 0.39 0.4 0.41 0.51 0.53 0.55 0.58 0.51 0.48 0.49 0.31 0.48
0.54 0.58 0.49 0.5 0.46 0.56 0.41 0.41 0.37 0.42 0.35 0.45 0.46 0.55 0.53 0.57 0.49 0.43 0.28 0.29
0.49 0.58 0.39 0.44 0.5 0.5 0.42 0.41 0.33 0.41 0.42 0.49 0.56 0.45 0.52 0.63 0.54 0.39 0.29 0.33
0.59 0.51 0.44 0.44 0.42 0.5 0.36 0.41 0.29 0.43 0.5 0.51 0.41 0.5 0.49 0.62 0.61 0.45 0.41 0.22
0.62 0.4 0.47 0.46 0.42 0.43 0.35 0.35 0.37 0.41 0.47 0.39 0.36 0.45 0.47 0.62 0.57 0.46 0.36 0.2
0.47 0.5 0.38 0.47 0.46 0.44 0.39 0.39 0.38 0.37 0.33 0.45 0.39 0.53 0.61 0.62 0.53 0.38 0.2 0.33
0.57 0.46 0.43 0.41 0.47 0.41 0.46 0.43 0.36 0.41 0.42 0.45 0.48 0.5 0.5 0.65 0.47 0.44 0.34 0.39
# diet_l_dat 
0 0 0 0 0 0 0 0 0 0 0 0 0 0 0 0
0 0 0 0 0 0 0 0 0 0 0 0 0 0 0 0
0 0 0 0 0 0 0 0 0 0 0 0 0 0 0 0
0 0 0 0 0 0 0 0 0 0 0 0 0 0 0 0
0 0 0 0 0 0 0 0 0 0 0 0 0 0 0 0
0.00125 0.9525 0.00875 0.03375 0.00375 0 0 0 0 0 0 0 0 0 0 0
0 0 0 0 0 0 0 0 0 0 0 0 0 0 0 0
0.00125 0.74 0.03375 0.17625 0.025 0.01125 0.01125 0 0.00125 0 0 0 0 0 0 0
0 0.7425 0.0325 0.1725 0.02375 0.01125 0.0125 0.00375 0.00125 0 0 0 0 0 0 0
0.00125 0.88375 0.00375 0.03625 0.0075 0.02125 0.02 0.0125 0.01 0.00125 0.0025 0 0 0 0 0
0 0.83875 0.0125 0.05875 0.0075 0.0175 0.02 0.01375 0.0175 0.01 0.00375 0 0 0 0 0
0.00125 0.83625 0.01125 0.075 0.01375 0.01625 0.01125 0.00875 0.0125 0.00625 0.00375 0.0025 0.00125 0 0 0
0.0025 0.8675 0.00625 0.03625 0.00875 0.0125 0.01375 0.00625 0.0175 0.01125 0.0075 0.00625 0.00125 0.0025 0 0
0.0025 0.91125 0.00375 0.02 0.005 0.00625 0.015 0.00875 0.01 0.0075 0.005 0.0025 0.0025 0 0 0
0 0 0 0 0 0 0 0 0 0 0 0 0 0 0 0
0 0 0 0 0 0 0 0 0 0 0 0 0 0 0 0
# diet_l_dat 
0 0 0 0 0 0 0 0 0 0 0 0 0
0 0 0 0 0 0 0 0 0 0 0 0 0
0 0 0 0 0 0 0 0 0 0 0 0 0
0 0 0 0 0 0 0 0 0 0 0 0 0
0 0 0 0 0 0 0 0 0 0 0 0 0
0 0 0 0 0 0 0 0 0 0 0 0 0
0 0 0 0 0 0 0 0 0 0 0 0 0
0 0 0 0 0 0 0 0 0 0 0 0 0
0 0 0 0 0 0 0 0 0 0 0 0 0
0 0 0 0 0 0 0 0 0 0 0 0 0
0.0166666666666667 0.363333333333333 0.0133333333333333 0.0333333333333333 0.1 0.116666666666667 0.12 0.116666666666667 0.0733333333333333 0.0466666666666667 0 0 0
0 0 0 0 0 0 0 0 0 0 0 0 0
0.01 0.386666666666667 0.0133333333333333 0.03 0.0533333333333333 0.123333333333333 0.103333333333333 0.143333333333333 0.0766666666666667 0.06 0 0 0
0.0166666666666667 0.376666666666667 0.0166666666666667 0.0166666666666667 0.06 0.14 0.11 0.153333333333333 0.08 0.0233333333333333 0.00666666666666667 0 0
0 0 0 0 0 0 0 0 0 0 0 0 0
0 0 0 0 0 0 0 0 0 0 0 0 0
# diet_l_dat 
0 0 0 0 0 0 0 0 0 0 0 0 0 0 0 0 0 0 0 0 0 0 0 0
0 0 0 0 0 0 0 0 0 0 0 0 0 0 0 0 0 0 0 0 0 0 0 0
0 0 0 0 0 0 0 0 0 0 0 0 0 0 0 0 0 0 0 0 0 0 0 0
0 0 0 0 0 0 0 0 0 0 0 0 0 0 0 0 0 0 0 0 0 0 0 0
0 0 0 0 0 0 0 0 0 0 0 0 0 0 0 0 0 0 0 0 0 0 0 0
0 0 0 0 0 0 0 0 0 0 0 0 0 0 0 0 0 0 0 0 0 0 0 0
0 0 0 0 0 0 0 0 0 0 0 0 0 0 0 0 0 0 0 0 0 0 0 0
0 0 0 0 0 0 0 0 0 0 0 0 0 0 0 0 0 0 0 0 0 0 0 0
0 0 0 0 0 0 0 0 0 0 0 0 0 0 0 0 0 0 0 0 0 0 0 0
0 0 0 0 0 0 0 0 0 0 0 0 0 0 0 0 0 0 0 0 0 0 0 0
0 0 0 0 0 0 0 0 0 0 0 0 0 0 0 0 0 0 0 0 0 0 0 0
0 0.14 0.04 0.11 0.1 0.1 0.11 0.08 0.04 0.1 0.06 0.1 0.01 0.01 0 0 0 0 0 0 0 0 0 0
0 0 0 0 0 0 0 0 0 0 0 0 0 0 0 0 0 0 0 0 0 0 0 0
0 0 0 0 0 0 0 0 0 0 0 0 0 0 0 0 0 0 0 0 0 0 0 0
0 0 0 0 0 0 0 0 0 0 0 0 0 0 0 0 0 0 0 0 0 0 0 0
0 0 0 0 0 0 0 0 0 0 0 0 0 0 0 0 0 0 0 0 0 0 0 0
# diet_l_dat 
0 0 0 0 0 0 0 0 0 0 0 0 0 0 0 0
0 0 0 0 0 0 0 0 0 0 0 0 0 0 0 0
0 0 0 0 0 0 0 0 0 0 0 0 0 0 0 0
0 0 0 0 0 0 0 0 0 0 0 0 0 0 0 0
0 0 0 0 0 0 0 0 0 0 0 0 0 0 0 0
0 0.993333333333333 0.00333333333333333 0.00333333333333333 0 0 0 0 0 0 0 0 0 0 0 0
0.00666666666666667 0.976666666666667 0.00666666666666667 0.01 0 0 0 0 0 0 0 0 0 0 0 0
0.00666666666666667 0.983333333333333 0 0.00666666666666667 0.00333333333333333 0 0 0 0 0 0 0 0 0 0 0
0 0.993333333333333 0.00666666666666667 0 0 0 0 0 0 0 0 0 0 0 0 0
0 0 0 0 0 0 0 0 0 0 0 0 0 0 0 0
0 0 0 0 0 0 0 0 0 0 0 0 0 0 0 0
0 0 0 0 0 0 0 0 0 0 0 0 0 0 0 0
0 0 0 0 0 0 0 0 0 0 0 0 0 0 0 0
# diet_l_dat 
0 0 0 0 0 0 0 0 0 0 0 0 0
0 0 0 0 0 0 0 0 0 0 0 0 0
0 0 0 0 0 0 0 0 0 0 0 0 0
0 0 0 0 0 0 0 0 0 0 0 0 0
0 0 0 0 0 0 0 0 0 0 0 0 0
0 0 0 0 0 0 0 0 0 0 0 0 0
0 0 0 0 0 0 0 0 0 0 0 0 0
0 0 0 0 0 0 0 0 0 0 0 0 0
0.04 0.68 0.01 0.03 0.07 0.11 0.06 0 0 0 0 0 0
0 0 0 0 0 0 0 0 0 0 0 0 0
0 0 0 0 0 0 0 0 0 0 0 0 0
0 0 0 0 0 0 0 0 0 0 0 0 0
0 0 0 0 0 0 0 0 0 0 0 0 0
# diet_l_dat 
0 0 0 0 0 0 0 0 0 0 0 0 0 0 0 0 0 0 0 0 0 0 0 0
0 0 0 0 0 0 0 0 0 0 0 0 0 0 0 0 0 0 0 0 0 0 0 0
0 0 0 0 0 0 0 0 0 0 0 0 0 0 0 0 0 0 0 0 0 0 0 0
0 0 0 0 0 0 0 0 0 0 0 0 0 0 0 0 0 0 0 0 0 0 0 0
0 0 0 0 0 0 0 0 0 0 0 0 0 0 0 0 0 0 0 0 0 0 0 0
0 0 0 0 0 0 0 0 0 0 0 0 0 0 0 0 0 0 0 0 0 0 0 0
0 0 0 0 0 0 0 0 0 0 0 0 0 0 0 0 0 0 0 0 0 0 0 0
0.03 0.76 0.04 0.08 0.06 0.02 0.01 0 0 0 0 0 0 0 0 0 0 0 0 0 0 0 0 0
0 0 0 0 0 0 0 0 0 0 0 0 0 0 0 0 0 0 0 0 0 0 0 0
0 0 0 0 0 0 0 0 0 0 0 0 0 0 0 0 0 0 0 0 0 0 0 0
0 0 0 0 0 0 0 0 0 0 0 0 0 0 0 0 0 0 0 0 0 0 0 0
0 0 0 0 0 0 0 0 0 0 0 0 0 0 0 0 0 0 0 0 0 0 0 0
0 0 0 0 0 0 0 0 0 0 0 0 0 0 0 0 0 0 0 0 0 0 0 0
# diet_l_dat 
0 0 0 0 0 0 0 0 0 0 0 0 0 0 0 0
0 0 0 0 0 0 0 0 0 0 0 0 0 0 0 0
0 0 0 0 0 0 0 0 0 0 0 0 0 0 0 0
0 0 0 0 0 0 0 0 0 0 0 0 0 0 0 0
0 0 0 0 0 0 0 0 0 0 0 0 0 0 0 0
0 0 0 0 0 0 0 0 0 0 0 0 0 0 0 0
0 0 0 0 0 0 0 0 0 0 0 0 0 0 0 0
0 0 0 0 0 0 0 0 0 0 0 0 0 0 0 0
0.00384615384615385 0.943846153846154 0.00846153846153846 0.0384615384615385 0.00538461538461538 0 0 0 0 0 0 0 0 0 0 0
0 0.793846153846154 0.03 0.163076923076923 0.0130769230769231 0 0 0 0 0 0 0 0 0 0 0
0 0 0 0 0 0 0 0 0 0 0 0 0 0 0 0
0.000769230769230769 0.523076923076923 0.06 0.340769230769231 0.0353846153846154 0.0123076923076923 0.0253846153846154 0.00153846153846154 0.000769230769230769 0 0 0 0 0 0 0
0 0.589230769230769 0.0515384615384615 0.296153846153846 0.0207692307692308 0.0215384615384615 0.0161538461538462 0.00384615384615385 0.000769230769230769 0 0 0 0 0 0 0
0.00153846153846154 0.203846153846154 0.0784615384615385 0.457692307692308 0.0692307692307692 0.0846153846153846 0.0807692307692308 0.0153846153846154 0.00692307692307692 0.000769230769230769 0.000769230769230769 0 0 0 0 0
0 0.165384615384615 0.0723076923076923 0.436923076923077 0.0584615384615385 0.123846153846154 0.0992307692307692 0.0307692307692308 0.00846153846153846 0.00461538461538462 0 0 0 0 0 0
0 0.126923076923077 0.0569230769230769 0.383076923076923 0.0523076923076923 0.145384615384615 0.158461538461538 0.04 0.0192307692307692 0.0138461538461538 0.00384615384615385 0 0 0 0 0
0 0.0669230769230769 0.0653846153846154 0.361538461538462 0.0515384615384615 0.179230769230769 0.185384615384615 0.0469230769230769 0.0292307692307692 0.00846153846153846 0.00461538461538462 0.000769230769230769 0 0 0 0
0.000769230769230769 0.106923076923077 0.0461538461538462 0.253076923076923 0.05 0.212307692307692 0.218461538461538 0.0538461538461538 0.0346153846153846 0.0153846153846154 0.00615384615384615 0.00230769230769231 0 0 0 0
0.000769230769230769 0.0546153846153846 0.0461538461538462 0.28 0.0623076923076923 0.222307692307692 0.203076923076923 0.0561538461538462 0.0484615384615385 0.02 0.00461538461538462 0.00153846153846154 0 0 0 0
0 0.0630769230769231 0.0538461538461538 0.292307692307692 0.0684615384615385 0.181538461538462 0.216153846153846 0.0515384615384615 0.0392307692307692 0.0238461538461538 0.00769230769230769 0.00153846153846154 0.000769230769230769 0 0 0
0 0 0 0 0 0 0 0 0 0 0 0 0 0 0 0
0 0.0430769230769231 0.0723076923076923 0.323846153846154 0.0669230769230769 0.173846153846154 0.206923076923077 0.0553846153846154 0.0361538461538462 0.0146153846153846 0.00538461538461538 0.00153846153846154 0 0 0 0
0 0.0453846153846154 0.0569230769230769 0.295384615384615 0.0561538461538462 0.195384615384615 0.221538461538462 0.0630769230769231 0.0353846153846154 0.0215384615384615 0.00846153846153846 0.000769230769230769 0 0 0 0
0 0 0 0 0 0 0 0 0 0 0 0 0 0 0 0
# diet_l_dat 
0 0 0 0 0 0 0 0 0 0 0 0 0
0 0 0 0 0 0 0 0 0 0 0 0 0
0 0 0 0 0 0 0 0 0 0 0 0 0
0 0 0 0 0 0 0 0 0 0 0 0 0
0 0 0 0 0 0 0 0 0 0 0 0 0
0 0 0 0 0 0 0 0 0 0 0 0 0
0 0 0 0 0 0 0 0 0 0 0 0 0
0 0 0 0 0 0 0 0 0 0 0 0 0
0.024 0.650666666666667 0.0186666666666667 0.0493333333333333 0.142666666666667 0.088 0.026 0.000666666666666667 0 0 0 0 0
0.0193333333333333 0.597333333333333 0.0206666666666667 0.0666666666666667 0.16 0.108666666666667 0.026 0.00133333333333333 0 0 0 0 0
0.0113333333333333 0.292666666666667 0.0153333333333333 0.129333333333333 0.292666666666667 0.201333333333333 0.0533333333333333 0.004 0 0 0 0 0
0.00266666666666667 0.115333333333333 0.018 0.146 0.368666666666667 0.27 0.0733333333333333 0.00533333333333333 0.000666666666666667 0 0 0 0
0.00133333333333333 0.0653333333333333 0.0253333333333333 0.150666666666667 0.4 0.278 0.0726666666666667 0.006 0.000666666666666667 0 0 0 0
0 0.0173333333333333 0.0113333333333333 0.130666666666667 0.331333333333333 0.318 0.167333333333333 0.0166666666666667 0.00533333333333333 0.002 0 0 0
0.000666666666666667 0.016 0.0106666666666667 0.114666666666667 0.296 0.311333333333333 0.201333333333333 0.0393333333333333 0.008 0.00133333333333333 0.000666666666666667 0 0
0 0.00466666666666667 0.0113333333333333 0.102 0.253333333333333 0.32 0.238666666666667 0.0506666666666667 0.014 0.00466666666666667 0 0.000666666666666667 0
0 0.00266666666666667 0.00933333333333333 0.0693333333333333 0.156 0.306666666666667 0.328 0.0953333333333333 0.024 0.00866666666666667 0 0 0
0 0.00133333333333333 0.006 0.0526666666666667 0.151333333333333 0.293333333333333 0.338666666666667 0.1 0.0406666666666667 0.0146666666666667 0.00133333333333333 0 0
0 0.00133333333333333 0.00266666666666667 0.0513333333333333 0.122 0.302666666666667 0.338666666666667 0.124666666666667 0.0426666666666667 0.012 0.00133333333333333 0.000666666666666667 0
0 0 0.0106666666666667 0.0613333333333333 0.150666666666667 0.291333333333333 0.326666666666667 0.102666666666667 0.0413333333333333 0.0153333333333333 0 0 0
0 0.00133333333333333 0.00466666666666667 0.0453333333333333 0.119333333333333 0.316666666666667 0.363333333333333 0.102666666666667 0.036 0.0106666666666667 0 0 0
0 0.004 0.00533333333333333 0.0306666666666667 0.096 0.186 0.37 0.22 0.068 0.0153333333333333 0.00466666666666667 0 0
0 0.004 0.014 0.12 0.299333333333333 0.286 0.177333333333333 0.0613333333333333 0.0293333333333333 0.00866666666666667 0 0 0
0 0 0 0 0 0 0 0 0 0 0 0 0
# diet_l_dat 
0 0 0 0 0 0 0 0 0 0 0 0 0 0 0 0 0 0 0 0 0 0 0 0
0 0 0 0 0 0 0 0 0 0 0 0 0 0 0 0 0 0 0 0 0 0 0 0
0 0 0 0 0 0 0 0 0 0 0 0 0 0 0 0 0 0 0 0 0 0 0 0
0 0 0 0 0 0 0 0 0 0 0 0 0 0 0 0 0 0 0 0 0 0 0 0
0 0 0 0 0 0 0 0 0 0 0 0 0 0 0 0 0 0 0 0 0 0 0 0
0 0 0 0 0 0 0 0 0 0 0 0 0 0 0 0 0 0 0 0 0 0 0 0
0 0 0 0 0 0 0 0 0 0 0 0 0 0 0 0 0 0 0 0 0 0 0 0
0 0 0 0 0 0 0 0 0 0 0 0 0 0 0 0 0 0 0 0 0 0 0 0
0.0075 0.3075 0.09 0.3625 0.1925 0.0325 0.0075 0 0 0 0 0 0 0 0 0 0 0 0 0 0 0 0 0
0.0125 0.3475 0.095 0.3025 0.2075 0.03 0.005 0 0 0 0 0 0 0 0 0 0 0 0 0 0 0 0 0
0 0.2525 0.085 0.35 0.28 0.0325 0 0 0 0 0 0 0 0 0 0 0 0 0 0 0 0 0 0
0 0 0 0 0 0 0 0 0 0 0 0 0 0 0 0 0 0 0 0 0 0 0 0
0 0.04 0.105 0.395 0.2725 0.1025 0.0575 0.0175 0.01 0 0 0 0 0 0 0 0 0 0 0 0 0 0 0
0 0 0 0 0 0 0 0 0 0 0 0 0 0 0 0 0 0 0 0 0 0 0 0
0 0 0 0 0 0 0 0 0 0 0 0 0 0 0 0 0 0 0 0 0 0 0 0
0.0025 0.005 0.0575 0.215 0.2075 0.2075 0.1675 0.075 0.04 0.0125 0.0075 0.0025 0 0 0 0 0 0 0 0 0 0 0 0
0 0 0 0 0 0 0 0 0 0 0 0 0 0 0 0 0 0 0 0 0 0 0 0
0 0 0.0475 0.1675 0.3 0.22 0.1725 0.0825 0.0075 0.0025 0 0 0 0 0 0 0 0 0 0 0 0 0 0
0 0 0 0 0 0 0 0 0 0 0 0 0 0 0 0 0 0 0 0 0 0 0 0
0 0 0 0 0 0 0 0 0 0 0 0 0 0 0 0 0 0 0 0 0 0 0 0
0 0 0 0 0 0 0 0 0 0 0 0 0 0 0 0 0 0 0 0 0 0 0 0
0 0 0 0 0 0 0 0 0 0 0 0 0 0 0 0 0 0 0 0 0 0 0 0
0 0 0 0 0 0 0 0 0 0 0 0 0 0 0 0 0 0 0 0 0 0 0 0
0 0 0 0 0 0 0 0 0 0 0 0 0 0 0 0 0 0 0 0 0 0 0 0
 # SrType
2
 # steepnessprior
0.7 0.8 1
 # cvsteepnessprior
0.2 300 300
 # phase_srec
-6
 # sigmarprior
0.5 0.6 0.5
 # cvsigmarprior
0.05 15 15
 # phase_sigmar
-5
 # styr_rec_est
1983 1979 1983
 # endyr_rec_est
2003 2003 2003
 # natmortprior
0.3 0.3 0.37
 # cvnatmortprior
0.1 0.05 0.1
 # natmortphase2
1 1 1
 # qprior
1.0 1.0 1.0
 # cvqprior
0.1 0.1 0.1
 # phase_q
-6 -4 -4
 # q_age_min
4 4 4
 # q_age_max
12 10 10
 # cv_catchbiomass
0.05 0.05 0.05
 # sd_ration
0.05 0.05 0.05
 # phase_M
6
 # phase_Rzero
1
 # phase_fmort
2
 # phase_fmort1
1
 # phase_LogRec
-9
 # phase_RecDev
2
 # phase_SelFshCoff
4
 # phase_SelSuvCoff
4
 # Phasepred1
1
 # PhasePred2
1
 # Phasepred3
8
 # fsh_sel_opt
1 1 1 1 1
 # nselages_in_fsh
12 10 10 10 10
 # phase_sel_fsh
2 2 2 2 2
 # curv_pen_fsh
0.2 0.4083 0.2 0.2 0.2
 # seldec_pen_fsh
200 1000 1000 1000 1000
# sel_change_in_fsh
0 0 0 0 0 0 0 0 0 0 0 0 0 0 0 0 0 0 0 0 0 0 0 0 0
0.7 0.7 0.7 0.7 0.7 0.7 0.7 0.7 0.7 0.7 0.7 0.7 0.7 0.7 0.7 0.7 0.7 0.7 0.7 0.7 0.7 0.7 0.7 0.7 0.7
0 0 0 0 0 0 0 0 0 0 0 0 0 0 0 0 0 0 0 0 0 0 0 0 0
0 0 0 0 0 0 0 0 0 0 0 0 0 0 0 0 0 0 0 0 0 0 0 0 0
0 0 0 0 0 0 0 0 0 0 0 0 0 0 0 0 0 0 0 0 0 0 0 0 0
 # srv_sel_opt
1 1 1
# sel_change_in_srv
0 0 0 0 0 0 0 0 0 0 0 0 0 0 0 0 0 0 0 0 0 0 0 0 0
0 0 0 0 0 0 0 0 0 0 0 0 0 0 0 0 0 0 0 0 0 0 0 0 0
0 0 0 0 0 0 0 0 0 0 0 0 0 0 0 0 0 0 0 0 0 0 0 0 0
 # phase_sel_srv
3 5 5
 # nselages_in_srv
10
 # curv_pen_srv
0.25
 # seldec_pen_srv
1000.1
 # nselages_in_srv
10
 # curv_pen_srv
0.25
 # seldec_pen_srv
1000.1
 # nselages_in_srv
10
 # curv_pen_srv
0.25
 # seldec_pen_srv
1000.1
# End of file
999
