# Number of parameters = 641 Objective function value = 366.170  Maximum gradient component = 824812.
# MEst:
 0.324632 0.176477 0.145641
# log_gam_a:
 0.287590 1.02232 2.81538
# log_gam_b:
 0.157087 0.791675 -2.62881
# Q_other_est[1]:
 6.46602 11.6429 11.5590 11.4680 11.4139 11.3546 11.2481 11.1468 11.0245 10.9721 10.9565 10.9952 11.0675 11.0560 11.0457 10.9441
# Q_other_est[2]:
 -1.86590 13.1453 13.0985 13.0522 13.0171 12.9793 12.9284 12.8710 12.8118 12.8068 12.8086 12.8226 12.8523 12.8688 12.9007 12.9402
# Q_other_est[3]:
 2.53558 10.2627 10.0520 9.88263 9.59912 9.37117 9.14041 8.95909 8.74540 8.60357 8.41864 8.33375 8.34144
# logH_1:
 -7.22371 -8.36774 -8.16153 -10.4334 -7.34550 -9.01201 -7.69342 -11.1828 -7.36361 -6.93216 -7.90168 -8.70490
# logH_1a:
 0.302090 -2.98762 -26.8521
# logH_1b:
 -14.7442 9.42872 30.2197
# logH_2:
 -1.66922 -23.4764 -1.07033 2.49095 -7.36304 0.515780 -11.5319 3.91801 -4.48694
# logH_3:
 -9.00000 -9.00000 -9.00000 -9.00000 -9.00000 -9.00000 -9.00000 -9.00000 -9.00000
# H_4:
 1.00000 1.00000 1.00000 1.00000 1.00000 1.00000 1.00000 1.00000 1.00000
# steepness:
 0.700000 0.800000 1.00000
# log_Rzero:
 10.6302 7.40250 5.16668
# rec_dev:
 -0.183947 -0.158746 -0.407008 0.308121 -0.187949 -0.226195 -0.217268 -0.0934175 0.283519 -0.100346 -0.0862078 -0.190343 -0.264932 -0.336252 0.290509 -0.298847 0.318032 -0.0598409 -0.297927 -0.105690 -0.146291 -0.352377 -0.461090 -0.411161 -0.471918 -0.316366 -0.409383 -0.200899 -0.222740 -0.291269 -0.151121 -0.164370 -0.581235 -0.761746 -0.720499 -0.764644 -0.873019 -0.512335 0.0730601 -0.236957 -0.246315 -0.311481 -0.399032 -0.181152 -0.155991 -0.301947 -0.362900 -0.474938 -0.474577 -0.442417 -0.337154 -0.233667 -0.329742 0.0847952 -0.415292 -0.206644 -0.509851 -0.273156 -0.649356 -0.629108 -0.528575 -0.774965 -0.0644643 -0.151787 0.102849 -0.124799 -0.0716884 -0.184335 -0.148073 0.0377837 -0.361980 -0.111351 -0.512407 -0.796489 -0.257021 -0.834390 -0.162627 0.804016 -0.288804 -0.316360 -0.252616 -0.236739 -0.245455 -0.270328 -0.258614 -0.421672 -0.345172 -0.175458 -0.164338 -0.265326 -0.403874 -0.590785 -0.334100 -0.359809 -0.276451 -0.390083 -0.144767 -0.207988 -0.302082 -0.102511 -0.0895965 -0.300497 -0.0687035 0.00646535 -0.203605 0.0190265 0.356270 0.235521 -0.0798018 -0.302647 -0.331187 -0.322386 -0.181272 -0.221115 -0.260714 -0.236246 -0.228422
# log_sigmar:
 -0.693147 -0.510826 -0.693147
# log_selcoffs_fsh:
 0.357363 0.232286 0.0801342 -0.0861852 -0.232418 -0.316405 -0.319682 -0.246166 -0.123340 0.0136276 0.136960 0.211451 -3.20474 -2.48811 -1.78792 -1.12696 -0.531961 -0.0380447 0.335128 0.603948 0.785876 0.879934 -3.21119 -2.49318 -1.79111 -1.13059 -0.545501 -0.0543833 0.330426 0.609082 0.791379 0.883318 -3.23127 -2.51372 -1.80938 -1.14503 -0.552166 -0.0637108 0.325050 0.612104 0.798265 0.889882 -3.26716 -2.55081 -1.84977 -1.18308 -0.578082 -0.0602967 0.333309 0.615228 0.800078 0.891804 -3.30054 -2.58498 -1.87949 -1.20778 -0.597148 -0.0761256 0.332186 0.620061 0.808363 0.902061 -3.32840 -2.61066 -1.90473 -1.23233 -0.622641 -0.0997559 0.315215 0.618648 0.821127 0.920676 -3.34929 -2.63341 -1.92808 -1.25176 -0.640469 -0.114961 0.309924 0.622613 0.826352 0.930737 -3.39262 -2.67837 -1.97314 -1.29192 -0.665726 -0.126298 0.308108 0.626974 0.835148 0.932766 -3.41098 -2.68812 -1.97122 -1.28532 -0.660708 -0.125766 0.304411 0.624842 0.834528 0.938525 -3.39131 -2.67104 -1.96023 -1.27842 -0.656647 -0.128812 0.299843 0.623018 0.836590 0.941484 -3.31941 -2.62726 -1.94400 -1.28359 -0.676205 -0.145743 0.292141 0.624326 0.841542 0.946859 -3.26440 -2.59024 -1.92243 -1.27707 -0.675951 -0.146318 0.287196 0.619119 0.840699 0.948047 -3.17643 -2.52942 -1.89103 -1.27068 -0.685070 -0.160463 0.280062 0.617548 0.842644 0.949548 -3.04683 -2.42969 -1.82471 -1.24099 -0.693799 -0.185834 0.250603 0.603702 0.846863 0.967193 -2.96838 -2.37227 -1.78309 -1.21732 -0.686020 -0.198952 0.248549 0.597693 0.846665 0.972625 -3.00226 -2.38173 -1.77467 -1.19154 -0.647556 -0.161218 0.257281 0.594518 0.834050 0.956642 -3.07888 -2.38500 -1.72379 -1.11785 -0.579428 -0.114003 0.270478 0.583354 0.813396 0.936957 -3.08368 -2.37089 -1.66581 -1.02922 -0.505671 -0.0777270 0.278820 0.564698 0.785170 0.917783 -2.94883 -2.29521 -1.65216 -1.04505 -0.509278 -0.0695744 0.291221 0.576716 0.784277 0.900202 -2.84509 -2.22691 -1.62103 -1.03741 -0.494705 -0.0394208 0.311562 0.580737 0.771635 0.876247 -2.78215 -2.15870 -1.54386 -0.969101 -0.458230 -0.0189312 0.326158 0.575866 0.752032 0.843306 -2.75030 -2.10245 -1.47891 -0.913359 -0.417649 -0.0113620 0.314781 0.567780 0.743339 0.833454 -2.73408 -2.07196 -1.43247 -0.853505 -0.382281 0.00313882 0.298989 0.548918 0.734140 0.831249 -2.71780 -2.09511 -1.47644 -0.899888 -0.405900 0.000375885 0.322585 0.570360 0.736799 0.820517 -2.66951 -2.06408 -1.47222 -0.919447 -0.428506 -0.0123080 0.321981 0.573929 0.741736 0.826377 -4.26873 -3.37766 -2.49958 -1.65449 -0.874114 -0.203752 0.316914 0.673918 0.887343 0.983723 -4.69379 -3.82752 -2.96884 -2.12876 -1.32512 -0.582864 0.0712916 0.608195 0.998579 1.20992 -4.17963 -3.30147 -2.43760 -1.61026 -0.849468 -0.195916 0.312709 0.668330 0.885255 0.983415
# log_q_srv[1]:
0.00000000000
# log_q_srv[2]:
0.00000000000
# log_q_srv[3]:
0.00000000000
# log_selcoffs_srv:
 -6.89085081159 -5.59625801133 -4.33252456263 -3.13374125718 -2.03317774883 -1.06156674472 -0.215038528269 0.507466773184 1.06625970530 1.40838002176 0.656160750668 0.433835246998 0.0444382577729 -0.255058190313 -0.330705335810 -0.325345619800 -0.242181988864 -0.195802659071 -0.183357748001 -0.195675255007 -3.51086447019 -2.73736689316 -1.98289890118 -1.25753638478 -0.566486986614 0.0654944485320 0.505258725890 0.720083528435 0.745529512577 0.705900216725
# fmort_dev_est:
 -0.160832273617 0.682497938349 0.589007983111 0.870363903398 0.490595308367 -0.635360454232 -2.61019949814 -2.37107284206 -0.981561199533 -2.39139209966 0.797586684891 -2.11937617199 0.770431530462 1.50028939599 0.340740876159 2.80751835665 2.31964404945 2.57405059529 2.83821149722 -0.456569078410 -0.0637294118018 -0.984461590095 -1.84158531650 -1.99199826144 -0.891441165631 -1.00593747691 -1.05172079247 -0.958198123008 -1.37472680514 0.00886373159656 0.528916828016 0.759959281589 0.777534586991 0.339618821049 -0.153568328457 -0.250896157638 -0.361297996208 0.0732309611296 0.253456999099 0.260559196939 0.451593054117 0.824688375773 0.487582101920 0.341585239281 0.267975918534 0.0955087538139 0.370974315179 -0.00664323439227 0.0893075055723 -1.04525835924 -0.922149179166 -0.855793530196 -0.892769485642 -0.935409080096 -0.700260477777 0.0995704218602 -0.803987983662 -1.06479722612 -0.741021012172 -1.61063019403 -0.136826900366 0.202778761112 0.106805609168 -0.170668394615 0.659750277277 0.623520414954 0.895550806964 0.721272754645 1.01271561678 1.06386071573 2.06938710555 2.42286977769 -5.67303455534 -1.00269653560 -1.96750489417 -2.47679330374 -3.62775505676 2.31777458311 3.02590425166 -0.488255227355 1.46870309018 3.12199305779 1.25219374397 1.11974734029 3.40525376088 3.27827972600 1.80407895631 -2.04911527885 -3.50370503337 -2.29365527805 -1.66871064816 -1.79010590801 -1.02173932288 -0.873069988118 -7.47714701053 -4.22659280589 -2.33806284731 -1.70419299066 -1.12013811103 0.389327813721 2.34392764147 2.24146522659 1.45159330629 1.13092182124 1.43182098772 1.80364529760 2.56075087909 2.05059836608 2.84742082686 3.24498736403 1.86018913210 1.10656661949
# log_avg_fmort:
 -3.54980036667 -1.02914744198 -2.25117977273 -6.20654458903 -4.31410842991
# dummy:
0.00000000000
# dummy2:
0.00000000000
