# Number of parameters = 641 Objective function value = 326.802  Maximum gradient component = 524818.
# MEst:
 0.322421 0.0696116 0.207613
# log_gam_a:
 0.00399029 1.62820 2.82138
# log_gam_b:
 0.793814 -1.01901 -2.65876
# Q_other_est[1]:
 7.07533 12.2844 12.2709 12.2367 12.1661 12.0609 11.9657 11.8225 11.7237 11.5788 11.5240 11.5629 11.5892 11.5592 11.6555 11.5313
# Q_other_est[2]:
 -2.13830 12.9372 12.9765 12.9637 12.9305 12.8757 12.8113 12.6984 12.5512 12.4537 12.4558 12.4507 12.4393 12.4177 12.4503 12.4952
# Q_other_est[3]:
 6.80306 11.1478 11.0134 10.8699 10.5461 10.3074 10.0298 9.80764 9.63490 9.43500 9.35777 9.25865 9.38047
# logH_1:
 -7.54570 -8.37393 -8.35184 -11.1327 -6.70968 -8.11988 -7.72492 -10.9915 -7.26713 -6.39799 -7.61877 -9.63869
# logH_1a:
 13.7245 6.14692 19.5256
# logH_1b:
 -17.5880 -9.91671 -31.9146
# logH_2:
 -19.3051 1.02193 -18.9209 1.88458 -45.7796 -1.67210 -0.0635806 -1.28723 -0.557862
# logH_3:
 -9.00000 -9.00000 -9.00000 -9.00000 -9.00000 -9.00000 -9.00000 -9.00000 -9.00000
# H_4:
 1.00000 1.00000 1.00000 1.00000 1.00000 1.00000 1.00000 1.00000 1.00000
# steepness:
 0.700000 0.800000 1.00000
# log_Rzero:
 11.1510 7.49684 5.32885
# rec_dev:
 -0.352578 -0.0770639 -0.0284279 0.00766580 -0.306375 0.266950 -0.226729 0.391878 -0.229156 -0.204142 -0.345728 -0.0676219 -0.0245704 -0.219801 0.338623 -0.112850 0.0454570 -0.0200790 -0.325115 -0.278524 -0.263722 -0.327055 -0.578263 -0.540057 -0.408484 -0.0786939 -0.220838 -0.164389 -0.0643301 -0.372603 -0.272235 -0.487768 -0.597643 -0.954962 -0.620916 -0.459516 -0.0663166 -0.445474 0.363490 -0.275389 -0.224162 -0.310058 -0.182258 -0.260490 -0.315893 -0.306663 -0.294286 -0.266797 -0.136626 -0.661499 -0.287347 -0.580534 -0.0151871 -0.0285994 -0.195206 -0.130685 -0.467455 -0.361819 -0.599478 -0.492693 -0.445919 -0.497842 -0.253107 -0.182171 0.0464196 -0.102030 -0.384404 -0.0444429 -0.0811924 0.248240 -0.594437 -0.314220 -0.625200 -0.311137 0.240636 -0.169439 -0.256973 -0.266796 -0.305566 -0.273735 -0.386642 -0.454819 -0.212768 -0.207782 -0.406136 -0.351842 -0.393586 -0.0459775 0.143636 -0.223622 -0.617483 -0.626744 -0.390207 -0.379272 -0.299788 -0.224128 -0.121293 -0.130995 -0.301938 0.121284 -0.161253 -0.358173 -0.335368 0.0702226 -0.201505 0.591949 0.393784 -0.300196 -0.392848 -0.603388 -0.468420 -0.334373 -0.218284 -0.235422 -0.233027 -0.246628 -0.217632
# log_sigmar:
 -0.693147 -0.510826 -0.693147
# log_selcoffs_fsh:
 -6.17103 -4.89443 -3.65994 -2.51187 -1.50007 -0.676168 -0.0678118 0.335137 0.581066 0.744883 0.863671 0.932476 -3.61267 -2.87137 -2.13481 -1.42202 -0.763796 -0.202866 0.250428 0.612897 0.871560 1.00971 -3.56384 -2.84245 -2.12860 -1.43622 -0.791211 -0.222878 0.248598 0.615855 0.877945 1.01914 -3.52271 -2.81003 -2.10927 -1.43373 -0.801915 -0.236993 0.241180 0.619071 0.880117 1.01977 -3.47537 -2.77358 -2.08104 -1.41164 -0.785718 -0.222441 0.245293 0.611439 0.874641 1.01752 -3.41858 -2.71952 -2.03103 -1.37090 -0.755271 -0.212970 0.244330 0.605873 0.867675 1.01376 -3.34669 -2.64351 -1.94930 -1.29243 -0.703778 -0.204056 0.213827 0.566413 0.859316 1.03183 -3.32712 -2.61657 -1.92245 -1.27151 -0.706189 -0.223070 0.210905 0.575230 0.854677 1.03370 -3.32931 -2.63388 -1.95580 -1.31805 -0.738695 -0.222472 0.228671 0.594810 0.863876 1.01511 -3.36753 -2.65995 -1.96989 -1.32051 -0.738803 -0.223872 0.231871 0.599829 0.865578 1.00877 -3.43815 -2.72062 -2.01228 -1.33179 -0.707982 -0.188092 0.251940 0.609812 0.860262 0.987739 -3.42304 -2.73849 -2.06020 -1.39549 -0.756070 -0.175243 0.287128 0.631921 0.859055 0.968328 -3.42788 -2.77746 -2.12433 -1.46305 -0.802144 -0.188206 0.322291 0.661198 0.864227 0.953527 -3.38770 -2.73906 -2.09066 -1.44450 -0.813454 -0.231449 0.253543 0.623777 0.878009 1.00922 -3.36469 -2.72449 -2.08391 -1.45209 -0.845239 -0.281624 0.210954 0.612797 0.893217 1.03875 -3.37466 -2.73726 -2.10078 -1.46591 -0.854604 -0.293191 0.209848 0.622142 0.892786 1.03868 -3.32850 -2.69124 -2.05993 -1.44028 -0.844592 -0.291599 0.191087 0.603026 0.897023 1.05283 -3.28879 -2.65765 -2.03856 -1.42511 -0.830925 -0.285604 0.194193 0.593904 0.893608 1.05394 -3.25723 -2.58570 -1.94060 -1.33375 -0.747758 -0.220882 0.192308 0.553933 0.860538 1.05752 -3.32085 -2.57448 -1.86043 -1.21677 -0.670559 -0.213293 0.218679 0.588915 0.854602 0.998321 -3.38743 -2.62549 -1.87152 -1.17518 -0.585411 -0.129882 0.240937 0.575274 0.831255 0.973279 -3.42771 -2.69819 -1.96166 -1.24126 -0.591363 -0.0613362 0.328050 0.601867 0.808309 0.921699 -3.35102 -2.63092 -1.92547 -1.25022 -0.641358 -0.111283 0.309599 0.618317 0.824682 0.928945 -3.26856 -2.55596 -1.86148 -1.22029 -0.668418 -0.169455 0.284594 0.620506 0.838306 0.949824 -3.21696 -2.53462 -1.86605 -1.23434 -0.666606 -0.162628 0.267820 0.607707 0.840416 0.958562 -3.17596 -2.51346 -1.86354 -1.24261 -0.670698 -0.162962 0.266883 0.605373 0.840791 0.962968 -4.79003 -3.88764 -2.99328 -2.12035 -1.28720 -0.528175 0.114062 0.622120 0.985123 1.18568 -5.10024 -4.19424 -3.29532 -2.41128 -1.55675 -0.753892 -0.0334517 0.574444 1.03153 1.28720 -5.06339 -4.08334 -3.11509 -2.17827 -1.30327 -0.526799 0.121472 0.631417 0.989235 1.18155
# log_q_srv[1]:
0.00000000000
# log_q_srv[2]:
0.00000000000
# log_q_srv[3]:
0.00000000000
# log_selcoffs_srv:
 -7.47424961477 -6.13123898503 -4.82125351313 -3.57516288148 -2.42357854761 -1.37729683559 -0.482724966538 0.295380170680 1.02665616222 1.58356638629 -1.39348173864 -0.966248697907 -0.546795303800 -0.0881023691077 0.271786614349 0.429652825457 0.440404002879 0.281724445547 0.142235379903 0.0238076142669 -3.42074429302 -2.76226494910 -2.12625249052 -1.52598641883 -0.959956400869 -0.382267597474 0.213281108484 0.759191370039 0.997892409291 0.883935457971
# fmort_dev_est:
 -0.561483542304 1.08616013148 1.07346593217 1.07545576238 0.885140907405 -0.222404488966 -2.24829752065 -2.39918767837 -1.06571424881 -2.51608909980 0.592867193433 -2.41850826583 0.472005131172 1.15157079455 0.276633334455 2.64757032818 2.14759506574 2.51896378895 2.80837679055 -0.642021505054 -0.342419614444 -0.924039033304 -1.62495064529 -1.82680269360 -0.156077178828 -0.183473192048 -0.358341350313 -0.492763978633 -1.18427505293 -0.0124400865452 0.303573057354 0.449912759987 0.529859846748 0.119788081957 -0.340496728500 -0.436092169781 -0.527397396261 -0.126900001524 -0.000878066690369 0.0273993568518 0.292861502100 0.866181313920 0.594288956780 0.441609268574 0.379182902935 0.208836868144 0.306234201937 -0.287523640959 -0.334222175064 -1.05401473865 -0.912359505840 -0.838410996211 -0.848648329172 -0.897071542659 -0.664855300170 0.0949068448611 -0.825968736848 -1.10781235380 -0.774278741049 -1.62270088055 -0.111444495194 0.264828913499 0.163312771632 -0.136773391022 0.696010340848 0.640107418789 0.872979816439 0.667698854456 1.00154375824 1.12801077811 2.06215403867 2.26222697107 -5.53406316675 -0.918747395193 -1.93304559520 -2.49667139160 -3.65250515261 2.32010764149 3.07345675487 -0.397101855951 1.54198565433 3.19371830617 1.29880241716 1.08362144844 3.27798935663 3.18678756023 1.83410167561 -2.09469309050 -3.79763177378 -2.30034849664 -1.65683964678 -1.77105656067 -0.974951896081 -0.831047030285 -7.43702815643 -4.22659753934 -2.35720552305 -1.74610506246 -1.15339750263 0.377178314513 2.36705346160 2.30016070739 1.50550131595 1.16410216748 1.46633978864 1.82067310470 2.53656835808 1.99350019533 2.83219350233 3.30989437950 1.85031527491 0.945105658122
# log_avg_fmort:
 -3.31266628915 -0.758261373300 -2.17656452880 -6.16204840655 -4.24277206737
# dummy:
0.00000000000
# dummy2:
0.00000000000
