# Number of parameters = 644 Objective function value = 25488.6  Maximum gradient component = 0.836252
# MEst:
 0.226799 0.0200002 0.0914162
# log_gam_a:
 9.95000 9.95000 9.95000
# log_gam_b:
 2.40000 2.40000 2.40000
# Q_other_est[1]:
 4.95736 9.04895 6.55101 5.72291 5.24480 4.89255 4.56348 4.24855 4.28044 4.01573 3.68413 3.28489 3.11712 2.75672 3.54343 2.89219
# Q_other_est[2]:
 -2.00591 7.45950 7.13006 6.86338 6.59996 6.08235 5.44699 4.80671 3.98077 2.81355 1.45940 -0.0665874 -1.91488 -4.11445 -6.23240 -8.20208
# Q_other_est[3]:
 18.9294 17.8923 17.7124 17.5457 17.2879 16.9430 16.5140 16.2863 16.1625 15.9824 15.8527 15.3820 15.2945
# logH_1:
 16.0683 14.1032 12.7231 -2.75354 -30.0341 -31.2430 -30.0224 33.2815 14.8977 15.4217 12.1921 -17.3418
# logH_1a:
 -16.4916 45.6671 0.867315
# logH_1b:
 5.01578 87.5363 29.0066
# logH_2:
 -119.255 4.23664 -41.2331 4.95952 -15.6197 16.1471 -0.235073 -54.5169 26.9473
# logH_3:
 -15.0000 -15.0000 -15.0000 -15.0000 -15.0000 -15.0000 -15.0000 -15.0000 -15.0000
# H_4:
 9.95000 9.95000 9.95000 9.95000 9.95000 9.95000 9.95000 9.95000 9.95000
# steepness:
 0.696568 0.998998 0.999000
# log_Rzero:
 9.62495 5.87832 4.34102
# rec_dev:
 -1.07893 0.473561 -0.507282 -0.516001 -0.470803 -0.505202 -1.37014 0.636611 -0.505475 -0.840984 0.550599 -0.497304 -0.583003 -0.481961 0.0228883 -0.487391 -0.388889 -0.915995 -0.683530 -0.228592 0.142464 0.0262109 -0.442918 -0.600123 -0.627005 -0.275773 -0.345926 -0.425572 -0.353288 -0.410227 -0.754963 -0.963700 -1.13679 -1.51729 -1.52905 -0.905980 -0.402232 -1.15086 1.58485 -0.440602 -0.495920 0.102297 0.560921 0.107791 -0.290076 -0.431655 -0.605092 -0.531363 0.131375 -0.406843 -0.356701 -0.148538 -0.615848 0.263291 -0.367295 -0.521008 -0.736753 -0.679947 -0.706519 -0.408218 0.0824515 -0.113165 -0.0705349 -0.365432 0.469108 0.116995 -0.232275 0.0821295 0.394881 -0.150999 -0.384100 0.215516 -1.18916 -0.639924 0.546803 1.11030 -0.804553 -1.00936 -1.31228 0.377210 -0.654825 -0.902957 -1.12309 -1.33302 -1.41109 -1.19908 -1.30531 -1.43409 -1.31046 -0.854584 -1.18946 -0.760389 -0.696856 -0.745106 -0.660861 -0.930108 -0.837637 -0.423939 -0.665705 -0.375821 -0.372976 -0.286882 -0.0801969 0.0321301 -0.263032 -0.0468484 -0.0354735 -0.113104 -0.156541 -0.319730 -0.499118 -0.330851 0.00994920 0.322586 -0.257573 -0.452890 -0.383420
# log_sigmar:
 0.00000 0.00000 0.00000
# log_selcoffs_fsh:
 -7.33912 -5.87060 -4.39829 -2.96244 -1.57817 -0.355574 0.367348 0.571410 0.573538 0.584688 0.698150 0.802801 -5.11532 -3.68587 -2.24194 -0.758339 0.486259 0.880669 0.553096 0.249450 0.145578 0.162862 -5.27492 -3.82587 -2.36300 -1.00092 0.0212231 0.704591 0.872819 0.475314 0.235853 0.181300 -5.19387 -3.84424 -2.52477 -1.29108 -0.319906 0.259526 0.736265 0.887404 0.530841 0.320745 -5.05966 -3.97387 -2.82954 -1.65978 -0.471693 0.480114 0.734128 0.723112 0.602692 0.414669 -5.39764 -4.14434 -2.88021 -1.62593 -0.525624 0.252481 0.730429 0.803839 0.658670 0.473796 -5.54380 -4.13465 -2.73000 -1.46907 -0.562945 0.0946574 0.601561 0.866018 0.696321 0.591747 -5.88964 -4.14068 -2.34755 -0.804258 0.0321578 0.365882 0.528231 0.437816 0.531146 0.701972 -5.83794 -4.14389 -2.46245 -1.06694 -0.226959 0.0979306 0.301046 0.374322 0.749318 1.00476 -5.61750 -4.15613 -2.75813 -1.51583 -0.683452 -0.0744216 0.158516 0.397518 0.740939 1.25467 -5.56413 -4.25488 -2.99513 -1.68738 -0.491415 0.0235474 0.233620 0.437403 0.796757 1.12531 -5.49182 -4.21131 -2.97006 -1.84229 -0.907552 -0.194776 0.317751 0.683337 0.879710 1.02248 -5.39970 -4.11245 -2.76746 -1.41681 -0.455822 -0.0136818 0.131479 0.414645 0.833710 1.13052 -5.46284 -4.20641 -2.94689 -1.74704 -0.664162 0.0845540 0.333167 0.403151 0.814426 1.09906 -5.28602 -4.16497 -3.08327 -2.09619 -1.22205 -0.451995 0.165097 0.608745 0.989370 1.15452 -5.28176 -4.19213 -3.14696 -2.19174 -1.35002 -0.567100 0.175706 0.741646 0.972705 1.11911 -5.35506 -4.14700 -2.95140 -1.89730 -0.989719 -0.286438 0.137226 0.597170 0.911761 1.16372 -5.32248 -4.07361 -2.77801 -1.51365 -0.473230 -0.0724545 0.0932982 0.250162 0.812168 1.25503 -5.40715 -4.13894 -2.89968 -1.66939 -0.611194 -0.0160443 0.154472 0.432715 0.759164 1.21326 -5.55574 -4.27844 -3.03978 -1.90558 -0.981833 -0.337068 0.157101 0.556807 0.965877 1.14896 -5.73338 -4.42080 -3.09693 -1.85059 -0.889450 -0.278250 0.159510 0.467013 0.908825 1.21339 -5.89272 -4.54077 -3.10563 -1.66279 -0.368702 0.194477 0.153980 0.249463 0.673883 1.23379 -5.84288 -4.73228 -3.51441 -2.14749 -1.01047 -0.164015 0.270436 0.664530 0.873147 1.09207 -5.59413 -4.45521 -3.31371 -2.08966 -1.28052 -0.518395 0.228044 0.667788 0.930455 1.16610 -5.18807 -4.07214 -3.02173 -2.25501 -1.52599 -0.824582 -0.123885 0.435060 1.02022 1.37767 -5.07032 -4.12404 -3.22527 -2.41056 -1.65697 -0.910060 -0.157854 0.522871 1.05200 1.34823 -5.90468 -4.40946 -2.97291 -1.65821 -0.571920 0.196061 0.604140 0.815716 0.744476 0.569056 -6.43446 -4.80031 -3.21735 -1.77230 -0.610590 0.228717 0.714279 0.892612 0.695803 0.399185 -6.08023 -4.47476 -2.87431 -1.37626 -0.176122 0.547598 0.865334 0.746899 0.400992 0.122407
# log_q_srv[1]:
0.00000000000
# log_q_srv[2]:
0.00000000000
# log_q_srv[3]:
0.00000000000
# log_selcoffs_srv:
 -9.02798685710 -6.61801133900 -4.38387746228 -2.49761983959 -1.18004176320 -0.413503383519 0.0449788491442 0.447543390645 0.879633401539 1.36474339393 -4.52635598854 -2.90813914636 -1.28114824578 -0.169609569484 0.174528833303 0.424672214228 0.555862100726 0.551167365793 0.407588025174 0.105392587543 -3.89387834375 -2.49839419481 -1.07859390020 0.111795892498 0.820817579766 0.943641838234 0.680948650079 -0.0582206964372 -0.845359272898 -1.39115752346
# fmort_dev_est:
 -1.00461691409 0.799871417264 1.13249069727 1.20434158230 1.17748272216 0.0797975979328 -1.98822311203 -2.22426018740 -0.927083672713 -2.55889199948 0.478156839745 -2.53562990313 0.362449653097 1.01944634278 0.102470757789 2.49122142635 2.09319643427 2.46513274034 2.76072916728 -0.725221433011 -0.380871453368 -0.873382580188 -1.43850041393 -1.51010415079 -0.607637802562 -0.690102528819 -0.764723675567 -1.09121498899 -1.71863982074 -0.479090471729 -0.0584837446688 0.236727302670 0.701127442608 0.0798188037455 -0.385552557957 -0.535140304116 -0.643912711408 -0.0176557189243 0.237667854570 0.263708277814 0.514463103752 0.831005017329 0.754633211307 0.743566441568 0.481415210147 0.319706820944 0.780849187247 0.580159829947 0.467309623353 -1.37396344558 -1.18620245652 -1.09297003040 -1.11763447455 -1.18759311739 -1.00095927208 -0.292250412188 -1.21516404253 -1.34782082899 -0.823194317564 -1.52800020793 0.00544342555830 0.321823057442 0.223361385418 -0.0300901147024 0.735622364868 0.644088410637 0.955718607450 0.900309619623 1.32157048303 1.41001888776 2.42834494701 3.24953353613 -5.83370254617 -1.29926677140 -2.33903831286 -2.76443483437 -3.73838023736 2.37604781171 3.15118160323 -0.383441480651 1.60643011542 3.17812281945 1.21052958642 1.06197876639 3.39284796591 3.38551991987 1.97062372837 -1.92631759030 -3.04870202042 -2.51519310262 -1.83812038612 -1.92256526398 -1.13462661437 -1.02586699297 -7.70674690875 -4.56447437877 -2.69907089263 -1.95268672477 -1.19033816180 0.483651680844 2.49069230540 2.35578315410 1.55814777801 1.24347527918 1.48086762690 1.80867310403 2.59078756328 2.15954633098 3.05635217110 3.48900074951 2.09557026753 1.73714076685
# log_avg_fmort:
 -3.17888106302 -0.740657763563 -3.26904395366 -7.18225025630 -5.15365714589
# dummy:
0.00000000000
# dummy2:
0.00000000000
