# Number of parameters = 641 Objective function value = 26037.5  Maximum gradient component = 3.39466e+006
# MEst:
 0.336937 0.0399861 0.0973196
# log_gam_a:
 0.000210913 14.1290 2.86230
# log_gam_b:
 0.350667 4.86909 -2.70888
# Q_other_est[1]:
 5.42341 9.38836 7.22410 6.37877 5.91171 5.50528 5.21992 4.89820 4.64346 4.53885 4.30320 4.22494 3.87730 2.37266 3.39483 3.80256
# Q_other_est[2]:
 9.72048 9.72613 10.0190 10.2838 10.4524 10.5252 10.6107 10.6833 10.7260 10.7370 10.7919 10.8702 10.8809 10.8943 10.9885 11.0084
# Q_other_est[3]:
 11.4312 15.1068 14.9504 14.8904 14.7227 14.3422 14.4462 13.4770 13.0331 13.1809 13.0871 13.4798 12.7787
# logH_1:
 -7.68834 -9.16060 -9.34831 -4.01346 12.7077 13.4494 12.3587 -10.7528 -8.66254 -7.04406 -7.40732 -13.6247
# logH_1a:
 -1.19377 15.6036 -13.8814
# logH_1b:
 182.628 -11.8280 -11.5023
# logH_2:
 -16.2442 3.52786 15.1200 6.38162 0.548289 4.21601 1.54763 -17.5362 26.4578
# logH_3:
 -9.00000 -9.00000 -9.00000 -9.00000 -9.00000 -9.00000 -9.00000 -9.00000 -9.00000
# H_4:
 1.00000 1.00000 1.00000 1.00000 1.00000 1.00000 1.00000 1.00000 1.00000
# steepness:
 0.700000 0.800000 1.00000
# log_Rzero:
 12.8426 7.90707 3.90500
# rec_dev:
 -0.00395463 -0.811790 -0.386117 -0.198380 -0.106367 -0.515739 -0.0560358 -0.397529 -0.528643 -0.198402 -0.0667320 -0.573556 -0.168357 -1.46827 -0.725501 -0.497808 -0.724691 -0.697053 -1.20106 -0.803749 0.0950960 0.292332 -0.819957 -1.15402 -1.22706 -0.879984 -0.856085 -1.04730 -0.897852 -0.925189 -1.25255 -1.46704 -1.79775 -2.10794 -2.13179 -1.55210 -0.592967 -0.816059 -0.0444490 -0.611901 0.156319 -0.290675 0.0148273 -0.247988 0.338788 0.0110107 -0.357411 -0.189143 -0.972220 0.923753 0.140738 -0.155004 0.258221 -0.132380 -0.0325993 -0.0739497 -0.224853 -0.200748 -0.486468 -0.375943 -0.0282235 0.0777644 -0.0347855 -0.104174 0.0609445 0.164409 0.135682 0.138716 0.238022 0.185402 -0.0502446 -0.113466 -0.397160 -0.815738 -0.417023 0.382440 0.672185 0.492352 -0.362077 0.380569 -0.186238 -0.178232 -0.160741 -0.105945 0.599758 0.829072 -0.0921108 -0.0458285 -0.391761 -0.103923 0.0648445 -0.247704 -0.382317 -0.165774 -0.440244 -0.911979 0.0858214 0.158984 -0.0714602 -0.0879503 0.0999275 -0.471239 0.116508 0.113649 -0.531768 -0.0751746 0.102423 -0.146122 -0.0226741 -0.485498 -0.568498 -0.777955 -0.135546 -0.00233283 -0.235379 -0.801687 0.0616731
# log_sigmar:
 -0.693147 -0.510826 -0.693147
# log_selcoffs_fsh:
 -9.26816 -7.25989 -5.30666 -3.49684 -1.86532 -0.562335 0.205796 0.460164 0.520580 0.647060 0.817336 0.943460 -6.74958 -4.85110 -3.01624 -1.63370 -0.455119 0.0308227 0.437565 0.703332 0.827140 0.806335 -6.61792 -4.97179 -3.46605 -2.11036 -1.15345 -0.248190 0.305466 0.754626 0.999189 0.918317 -6.65345 -5.23752 -3.80439 -2.40112 -1.10774 -0.174682 0.465902 0.883920 0.897915 0.800527 -6.43527 -5.02564 -3.59055 -2.17831 -0.894464 0.0998846 0.517717 0.670642 0.832648 0.876817 -6.32798 -4.80552 -3.28416 -1.90736 -0.747842 0.0787877 0.418684 0.689489 0.849462 0.872773 -6.35213 -4.69401 -3.07242 -1.64738 -0.704728 0.0688426 0.539979 0.660555 0.775067 0.860851 -6.45216 -4.48523 -2.63859 -0.971264 -0.0658173 0.141721 0.318756 0.471799 0.632576 0.949761 -6.55927 -4.67588 -2.79511 -1.16203 -0.288348 0.118864 0.393257 0.524819 0.743737 0.903943 -6.63060 -4.82677 -3.03148 -1.42899 -0.484644 0.00937787 0.310561 0.542350 0.865211 0.962302 -6.33192 -4.74995 -3.14348 -1.51048 -0.297999 0.0906596 0.251350 0.539280 0.839062 0.941813 -6.17496 -4.54197 -2.98273 -1.63855 -0.646040 -0.0254200 0.310851 0.603647 0.850137 0.996168 -6.21761 -4.51645 -2.76464 -1.13331 -0.120390 0.112939 0.0284590 0.352472 0.785836 1.08044 -6.23748 -4.61010 -3.01881 -1.56354 -0.410903 0.233912 0.335799 0.343875 0.775400 1.03589 -5.97067 -4.50821 -3.11794 -1.89711 -0.905482 -0.150273 0.346284 0.632379 0.862693 1.05130 -5.98628 -4.54926 -3.17935 -1.97100 -1.00062 -0.249038 0.336454 0.772205 0.916769 0.952854 -6.20011 -4.66874 -3.17732 -1.79432 -0.707238 0.0380940 0.486447 0.688185 0.833377 0.846411 -6.25085 -4.51765 -2.83290 -1.25209 0.00531293 0.388521 0.326660 0.467485 0.642789 0.821782 -6.18948 -4.52020 -2.90943 -1.41701 -0.375605 0.258309 0.444077 0.552151 0.711974 0.866960 -6.11083 -4.50785 -2.98072 -1.65783 -0.662050 0.0193472 0.431012 0.657204 0.774182 0.944451 -6.27347 -4.67599 -3.15618 -1.81802 -0.649713 0.183830 0.344242 0.554970 0.799875 0.985877 -6.46497 -4.80325 -3.08282 -1.41625 -0.000878576 0.447255 0.398093 0.448145 0.621037 0.797883 -6.79976 -4.91533 -3.08293 -1.49433 -0.258351 0.390052 0.648296 0.589761 0.583635 0.675710 -6.81760 -5.01503 -3.18352 -1.34191 -0.0675607 0.427195 0.550849 0.531091 0.589889 0.683496 -6.40193 -4.66945 -3.00184 -1.61899 -0.446765 0.155132 0.521574 0.623893 0.737830 0.828600 -6.13673 -4.56527 -3.07623 -1.77896 -0.749797 -0.0100922 0.453166 0.712694 0.837402 0.870453 -4.85954 -3.72296 -2.57039 -1.47209 -0.506780 0.228367 0.520506 0.683959 0.739371 0.712455 -5.02453 -3.83126 -2.62889 -1.48082 -0.452716 0.206399 0.600315 0.791097 0.710920 0.556151 -5.07072 -3.77657 -2.52947 -1.30680 -0.229954 0.541050 0.852473 0.741215 0.444719 0.100762
# log_q_srv[1]:
0.00000000000
# log_q_srv[2]:
0.00000000000
# log_q_srv[3]:
0.00000000000
# log_selcoffs_srv:
 -10.6027128706 -7.59713399716 -4.83873175108 -2.61874111871 -1.24922056942 -0.514331428241 -0.187009140563 0.140912032444 0.751463498490 1.59431356311 -6.06832127115 -3.69892979462 -1.53439970422 -0.237895736057 0.322227635146 0.459496060028 0.490912628143 0.570218054820 0.380376695843 0.132155010643 -2.98505023489 -1.65231398471 -0.417698625057 0.350466074328 0.686347780597 0.677610856547 0.605406204902 0.152539369868 -0.735262079029 -1.39005380908
# fmort_dev_est:
 -1.40086098392 0.794458913728 0.892572168526 1.00406849615 1.03680371588 -0.000694261672498 -2.01481932468 -2.29884178814 -0.922187774425 -2.50380014722 0.594065219639 -2.41092609459 0.495219530873 1.17313287271 0.283182992269 2.66129292766 2.19001189501 2.51948800598 2.77450073001 -0.691129968479 -0.378436591549 -0.971511122214 -1.46142087206 -1.36052179729 0.794498775710 0.814136388192 0.243372558284 -0.383828552352 -1.17472072822 -0.125814015416 0.157826241960 0.163399690815 0.370944542848 -0.138469504008 -0.478066846908 -0.587982490621 -0.660909336450 -0.136436150888 0.0633934186585 -0.0706801640146 0.0710934692452 0.514720694140 0.412172449677 0.429263112695 0.106311716296 -0.0873076739523 0.241450725868 -0.243739924251 -0.378063594595 -1.23892799020 -1.10596274929 -1.05119212453 -1.17873218083 -1.27823504485 -1.06442005550 -0.337665200141 -1.23887727752 -1.39142961360 -0.888557934958 -1.59401985272 -0.0608040180398 0.270902288971 0.186608843961 -0.0768574465009 0.728773517425 0.654787025271 0.985276269364 0.940353872950 1.34620251804 1.42349055071 2.51590255360 3.44873761582 -5.88487495994 -1.32825466711 -2.34454319831 -2.80148466957 -3.81717544817 2.30203428264 3.09173414524 -0.425335629645 1.56672729056 3.17189593471 1.21615549814 1.09326484574 3.43252006090 3.41919847994 1.99827201585 -1.87152058625 -2.82045123697 -2.30354176718 -1.71708475340 -1.89483199785 -1.21387074389 -1.08692265087 -7.67660111651 -4.51644696799 -2.67661226579 -2.00904325787 -1.28452486859 0.407101150797 2.44958270812 2.32205446738 1.52204867750 1.20350429946 1.48040450671 1.82709608139 2.62713674876 2.16658575533 3.00474731067 3.40357618029 2.08606966881 1.88135825583
# log_avg_fmort:
 -3.29583007260 -0.980816288654 -3.21721896044 -7.14309979373 -5.06336778973
# dummy:
0.00000000000
# dummy2:
0.00000000000
