# Number of parameters = 641 Objective function value = 256913.  Maximum gradient component = 2.53980e+008
# MEst:
 0.271668 0.0497290 0.0597028
# log_gam_a:
 0.00134669 4.13700 2.87836
# log_gam_b:
 0.0851714 0.336892 -2.71364
# Q_other_est[1]:
 3.59771 9.04218 6.99411 5.73365 5.19776 5.06761 4.86782 4.48833 4.25497 4.02447 3.94400 3.61033 3.55286 3.43488 3.38084 3.28098
# Q_other_est[2]:
 11.9915 10.9923 10.8404 10.8075 10.7805 10.6983 10.6584 10.5875 10.5170 10.5234 10.5387 10.5093 10.5373 10.5316 10.5977 10.5475
# Q_other_est[3]:
 15.2765 16.6329 16.5678 16.5078 16.4406 15.7873 16.0196 15.1360 14.5342 14.6758 14.6945 14.9163 14.4402
# logH_1:
 -7.68381 -8.38304 -8.71252 -3.96818 14.2632 14.4421 12.6367 -10.8574 -8.01123 -6.84782 -6.13865 -15.1097
# logH_1a:
 2.03122 1.91155 -97.0582
# logH_1b:
 -0.647586 18.3810 42.1693
# logH_2:
 -6.88738 3.25020 0.706598 -2.40862 1.66551 11.9533 2.02708 -77.0059 15.1218
# logH_3:
 -9.00000 -9.00000 -9.00000 -9.00000 -9.00000 -9.00000 -9.00000 -9.00000 -9.00000
# H_4:
 1.00000 1.00000 1.00000 1.00000 1.00000 1.00000 1.00000 1.00000 1.00000
# steepness:
 0.700000 0.800000 1.00000
# log_Rzero:
 12.2697 7.26247 2.97436
# rec_dev:
 1.78161 -0.197709 -0.159675 -0.323835 -2.14462 -0.491444 1.73617 -0.197518 0.684417 -5.16690 -2.69665 -1.29299 -4.02097 -3.07972 -0.611416 0.545994 -1.50856 -1.38879 -2.52497 -0.188053 1.61759 1.92895 -0.749794 -1.98254 -2.25249 -0.926652 0.670897 -0.113941 1.06117 0.342595 -2.90036 -3.51888 -5.08651 -7.09141 -6.70577 -4.76983 -1.04568 -1.08979 0.777604 -0.954107 -0.419125 1.14172 -0.532628 0.116530 -1.12944 0.685290 -0.500903 -0.258821 0.630782 -0.396586 -0.655580 0.275844 -0.568472 -0.203368 0.155227 0.472343 0.0732020 0.395371 -0.197748 0.194595 0.601444 0.650774 0.352472 0.244671 0.421236 0.478343 0.743805 0.632728 0.855885 0.779647 0.387362 0.372561 0.0594346 -0.161208 0.0413752 0.666194 0.721113 0.806696 0.120588 2.00000 0.0450932 -0.205525 0.511320 1.47142 -0.199306 -0.0448581 -0.689562 -0.858754 -0.592129 -0.638686 0.744872 -0.320633 -0.0882542 -0.0266728 -0.485516 -1.21086 0.455468 0.699590 0.270343 0.272693 0.367630 -0.537937 0.298975 0.717877 -0.550825 0.525004 0.652592 0.156696 0.328116 -0.330331 -0.301677 -0.844935 -0.191798 -0.521142 0.164722 -1.36740 -0.304259
# log_sigmar:
 -0.693147 -0.510826 -0.693147
# log_selcoffs_fsh:
 -10.4177 -8.07518 -5.84314 -3.68526 -1.40693 -0.207819 0.413110 0.643379 0.617017 0.418906 0.686813 0.761878 -6.31536 -5.25213 -3.25852 -1.90902 -0.283835 -0.126438 0.229701 0.592168 0.851563 1.01535 -6.88036 -5.47257 -3.56023 -1.72662 -0.663738 0.0606045 0.138059 0.655208 0.837503 1.04113 -6.52791 -5.54636 -4.29585 -2.44911 -1.22138 -0.532257 0.439970 0.955570 0.961270 0.807208 -7.23103 -5.63864 -3.94144 -2.00745 -0.775817 0.508651 0.472649 0.277748 0.924231 0.824033 -7.09416 -4.90409 -3.10934 -1.60363 -0.796307 0.342747 0.479845 0.876396 0.640110 0.681274 -7.33390 -4.71350 -2.63342 -1.30958 -0.159199 -0.00473343 0.840750 0.954707 0.537755 0.152328 -7.78537 -5.03299 -2.44885 -0.277468 0.0770374 0.548214 0.338719 0.449181 0.630908 0.403801 -8.10466 -5.50589 -3.21821 -1.40915 -0.451116 0.485060 0.815021 0.753430 0.561357 0.295304 -8.43098 -6.17853 -3.84083 -1.92289 -0.880108 -0.484614 0.284241 1.35196 0.679853 0.492553 -7.40648 -5.73835 -3.73132 -1.95211 -0.567826 -0.238294 -0.168199 0.582967 1.09489 1.05167 -7.35720 -5.53836 -3.83178 -2.39373 -1.26250 -0.322097 0.514244 0.851334 0.892307 0.876925 -7.49616 -5.31155 -3.35452 -1.35226 -0.0835449 0.478198 0.288368 0.246288 0.691291 0.936813 -7.64030 -5.57806 -3.39766 -1.13523 0.0460840 0.882081 0.264571 0.283083 0.529378 0.630466 -6.62763 -4.90324 -3.29741 -1.96736 -1.03638 -0.342158 0.291208 0.692636 0.982271 1.00493 -6.18942 -4.62967 -3.12892 -1.89175 -0.965783 -0.411882 0.0480736 0.815151 1.00986 0.985170 -5.88664 -4.73013 -3.10409 -1.27749 -0.236772 0.156953 0.543067 0.462512 0.435285 1.04856 -6.20062 -5.02417 -3.31776 -1.00196 0.144127 0.286889 -0.00382639 0.331998 0.813908 0.900526 -7.13154 -5.45069 -3.63189 -1.91597 -0.212588 0.369148 0.556571 0.725409 0.637173 0.631315 -6.89208 -5.08586 -3.42085 -2.08185 -1.19286 -0.402836 0.159401 0.533767 1.12919 1.05949 -7.44410 -5.17768 -2.95656 -1.13338 -0.0367363 0.404844 0.00459145 0.636974 0.646765 0.852703 -7.68896 -5.20880 -2.72363 -0.584842 0.596388 0.547536 0.0404642 0.456538 0.374275 0.554609 -7.31973 -4.77044 -2.75956 -0.953941 -0.169165 0.634846 0.773050 0.752057 0.324611 0.156551 -7.34294 -5.08969 -3.05932 -1.31261 -0.0101852 0.708269 0.738676 0.790318 0.112526 0.216128 -7.15435 -5.14241 -3.33252 -2.37055 -0.984112 0.0316794 0.939135 1.09874 0.530028 0.190855 -6.70557 -4.99085 -3.37460 -1.94857 -0.743767 0.135500 0.672987 0.869232 0.764455 0.537458 -4.22922 -3.28875 -2.21331 -1.49675 -0.746574 0.306882 0.587237 0.843033 0.658387 0.551756 -4.83348 -3.30073 -2.22002 -1.47236 -0.724632 0.0237398 0.559466 1.05654 0.781415 0.272237 -4.89758 -3.54583 -2.34879 -1.10610 -0.265750 0.285572 0.898791 0.834153 0.549692 -0.0601488
# log_q_srv[1]:
0.00000000000
# log_q_srv[2]:
0.00000000000
# log_q_srv[3]:
0.00000000000
# log_selcoffs_srv:
 -12.1917162381 -8.61287933751 -5.12133588750 -1.71592189616 -0.514013278372 -0.471140205299 -0.689328650635 -0.151796699156 0.809720523669 1.60586017081 -6.11082090620 -4.05219405426 -1.18708546390 0.125415386583 0.280427558316 0.373725636979 0.381507587700 0.445086368276 0.424860254397 0.187950180848 -2.00622791164 -1.23824377243 -0.165811853206 0.376809601559 0.742052355440 0.616780934873 0.314487981369 0.132008824199 -0.645163103100 -1.25633796623
# fmort_dev_est:
 -1.11559160977 0.559596050630 0.836178270588 0.939951775534 0.892148253722 -0.179775052661 -2.20268471657 -2.45207683735 -1.15945795457 -2.76456046559 0.343360793347 -2.66233239638 0.335659081222 1.02185212126 0.0861985990515 2.36987962365 2.00605573011 2.32336584034 2.98879822334 -0.0707600664807 0.183900607340 -0.407184855033 -0.950439291283 -0.919654170186 1.14459797696 0.826686262317 0.484383193636 -0.524428931775 -1.26938667417 -0.453212995530 0.0959694374148 0.216366532909 0.769926272516 0.459948293956 -0.0260008239992 -0.635221092848 -0.964976390467 -0.00137185468298 0.248866370959 -0.0677957393241 0.168436615581 0.316285071892 0.588815431280 0.0717805379789 -0.368729829193 -0.533112080807 0.0337737962904 -0.163671368692 -0.390806452775 -0.687161478312 -0.734739386034 -0.759201290278 -0.993211703439 -1.12432909629 -0.933898299225 -0.265803338387 -1.19122522701 -1.41451409509 -0.956615011808 -1.65597476862 -0.130398741946 0.172754648815 0.0628213509442 -0.190706416958 0.568279847882 0.501341387203 0.836565091269 0.735600541891 1.35708565859 1.28050867288 2.43458566980 3.10190938626 -5.61741227257 -1.13507270705 -2.16809220271 -2.66983676769 -3.75577648693 2.31332776098 3.14673379098 -0.417427662166 1.58540516830 3.12801603384 1.10008286722 1.00015359132 3.29307855834 3.26039282299 1.85420573001 -1.98460628106 -2.93514294441 -1.81046943127 -1.41414093736 -1.82699027727 -1.20306516903 -1.08903193453 -7.53367296641 -4.42494388847 -2.58339534427 -1.95513866471 -1.28581353747 0.373302579888 2.38623373131 2.23599065079 1.46444651059 1.12453895310 1.34259137239 1.66029353646 2.45413848350 1.93537787809 3.06521748728 3.40248396071 1.98122007274 1.69455188404
# log_avg_fmort:
 -2.96607005084 -1.00037083674 -3.00603208933 -6.98074218805 -4.85624285331
# dummy:
0.00000000000
# dummy2:
0.00000000000
