################################################################################
#### Title: Dat file for ms
#### Filename: sample/ms.dat
#### Date: 2015-10-17 19:28:52
#### Author: Kelli Faye Johnson
#### Comment: File created using dat_write function
################################################################################
 # debug
0
 # pin
1
 # ResetPhasesToZero
0
 # Disc_first_phase
1
 # Disc_any_phases
1
 # Initial_phase
1
 # Terminal_phase
15
 # with_pred
1
 # resp_type
2
#styr, endyr
1979 2003
#species names
# poll%mack%cod
3
 # comp_type
1 1 2
 # oldest_age
15 15 12
 # l_bins
16 13 24
 # nfsh_spp
1 1 3
 # spp_fsh
1 2 3 3 3
# catch_bio
# pollock
6.383 31.029 22.972 19.993 17.224 6.3 0.87 0.704 2.72 0.574 0 10.462 0.554 8.515 16.15 5.969 57.991 23.039 25.795 23.34 0.606 0.908 0.571 0.318 0.3
# mackerel
23.264 20.488 19.688 19.874 11.726 36.055 37.86 31.99 30.061 22.084 17.994 22.205 26.74 50.035 65.737 69.59 81.554 103.943 65.845 58.31 56.231 47.227 61.612 45.594 60
# cod.trawl
0 0 7.173 7.921 8.028 7.177 6.108 6.904 13.097 4.998 4.239 6.932 3.414 14.558 17.312 14.382 10.574 21.179 17.349 20.531 16.437 20.362 15.826 27.929 27.706
# cod.pot
0 0 0 0 0 0 0 0.001 0.088 0.03 0.019 0.007 3.18 6.317 0 0.147 1.024 4.611 0.575 0.424 3.75 3.107 0.544 0.007 0.001
# cod.longline
0 0 0.261 0.476 0.402 0.804 0.829 0.001 0.022 0.137 0.284 0.602 3.203 22.108 16.86 7.009 4.935 5.819 7.151 13.771 7.874 16.183 17.817 2.865 0.942
# wt_fsh pollock
0 0 0.231427574 0.347582456 0.529292842 0.730646545 0.672683296 0.825035361 0.94354256 0.953150997 1.038098468 1.163848924 1.059772607 1.518558267 1.578840968 1.020588169
0 0 0.239236365 0.552588542 0.765126673 0.841229073 0.862929275 0.912856259 1.000234605 1.088977473 1.062840287 1.020429454 1.156808016 1.101892717 0.852054497 1.524232447
0 0 0 0.477806178 0.552104777 0.728620244 0.763716495 0.781740889 0.80962466 0.89533398 0.90209715 0.859815537 1.019919523 1.025903138 0.892917275 0.907931477
0 0 0 0.417916257 0.541372647 0.643631715 0.783820793 0.821999891 0.841650607 0.892089623 0.984183869 1.001088653 0.957527911 0.954594143 0.905790623 0.966036104
0 0 0 0.417916257 0.541372647 0.733333459 0.779637949 0.79541688 0.926441599 0.957375508 1.014598131 0.902409789 0.957527911 0.954594143 0.973962563 0.966036104
0 0 0.426016046 0.445904784 0.670549478 0.741947836 0.809931471 0.872081505 0.967956403 0.996316897 1.270393702 1.643058148 1.135090812 1.221160813 0.973962563 0.966036104
0 0 0.467489462 0.565627894 0.670549478 0.689561425 0.802837309 0.853564181 0.856702835 1.090946791 1.233008932 1.599646815 1.664430831 1.221160813 1.64477114 1.093457593
0 0 0 0.51142268 0.601940895 0.747175625 0.826579436 0.86977936 0.950563553 0.92659715 1.013667355 0.942849175 1.070207431 0.896337794 1.64477114 1.093457593
0 0 0 0.51142268 0.685171157 0.756159963 0.833463622 0.850378116 0.871524635 0.980871686 1.072453177 0.991507962 1.337923253 1.154569212 1.006460237 1.093457593
0 0 0 0.473601088 0.685171157 0.80134 0.790483659 0.820771959 0.927922207 0.888269571 0.983871136 0.893286963 0.784312991 0.722258386 0.897618754 1.062148464
0 0 0.339189115 0.473601088 0.660858204 0.753562434 0.85101982 0.926029908 0.992659204 1.061127858 1.110591497 1.150075127 1.189254164 1.149597825 1.19428536 1.139953534
0 0 0 0.477806178 0.552104777 0.728620244 0.763716495 0.781740889 0.80962466 0.89533398 0.90209715 0.859815537 1.019919523 1.025903138 0.892917275 0.907931477
0 0 0 0.477806178 0.666787314 0.65507123 0.798859251 0.961988405 1.075505517 1.173120052 1.099445084 1.217694376 1.157325805 1.095515077 1.28975573 1.085591544
0 0 0 0.477806178 0.640066546 0.741779296 0.725444441 0.797034166 0.935637176 1.245656248 1.026724589 1.003362397 1.250130981 1.145099914 1.051422263 1.097572255
0 0 0 0.551226465 0.886178481 0.823728347 1.033495235 1.031524133 1.139881318 1.080791061 1.163774842 1.190529239 1.202739427 1.325579312 1.137291525 1.135234176
0 0 0 0.551226465 0.637265466 0.84371317 0.974292759 1.136056196 1.139976535 1.121560264 1.190699266 1.243685658 1.265922421 1.059132835 1.090043082 1.151654501
0 0 0 0.551226465 0.847145491 0.84371317 1.1264452 1.33033976 1.397178045 1.355091156 1.433282614 1.419679818 1.500951121 1.44657268 1.658206348 1.320576262
0 0 0 0.539091385 0.475276694 0.930106777 1.028703564 1.179637768 1.275064271 1.394543109 1.468180287 1.354824424 1.377744955 1.361895368 1.456201635 1.30125768
0 0 0 0.471038318 0.619167273 0.834941814 1.005650386 1.118583879 1.180037665 1.323893179 1.390939617 1.418723917 1.328098012 1.331537728 1.407934701 1.376747606
0 0 0 0.402985251 0.763057853 0.739776852 0.982597208 1.057529991 1.085011058 1.25324325 1.313698947 1.482623411 1.278451068 1.301180088 1.359667766 1.452237532
0 0 0 0.402985251 0.763057853 0.739776852 0.982597208 1.057529991 1.085011058 1.25324325 1.313698947 1.482623411 1.278451068 1.301180088 1.359667766 1.452237532
0 0 0 0.402985251 0.763057853 0.739776852 0.982597208 1.057529991 1.085011058 1.25324325 1.313698947 1.482623411 1.278451068 1.301180088 1.359667766 1.452237532
0 0 0 0.402985251 0.763057853 0.739776852 0.982597208 1.057529991 1.085011058 1.25324325 1.313698947 1.482623411 1.278451068 1.301180088 1.359667766 1.452237532
0 0 0 0.402985251 0.763057853 0.739776852 0.982597208 1.057529991 1.085011058 1.25324325 1.313698947 1.482623411 1.278451068 1.301180088 1.359667766 1.452237532
0 0 0 0.402985251 0.763057853 0.739776852 0.982597208 1.057529991 1.085011058 1.25324325 1.313698947 1.482623411 1.278451068 1.301180088 1.359667766 1.452237532
# wt_fsh mackerel
0 0.1 0.1848 0.3982 0.5493 0.6562 0.7318 0.7853 0.8232 0.85 0.869 0.8824 0.8919 0.8986 0.9034 0.9068
0 0.1 0.1848 0.3982 0.5493 0.6562 0.7318 0.7853 0.8232 0.85 0.869 0.8824 0.8919 0.8986 0.9034 0.9068
0 0.1 0.1848 0.3982 0.5493 0.6562 0.7318 0.7853 0.8232 0.85 0.869 0.8824 0.8919 0.8986 0.9034 0.9068
0 0.1 0.1848 0.3982 0.5493 0.6562 0.7318 0.7853 0.8232 0.85 0.869 0.8824 0.8919 0.8986 0.9034 0.9068
0 0.1 0.1848 0.3982 0.5493 0.6562 0.7318 0.7853 0.8232 0.85 0.869 0.8824 0.8919 0.8986 0.9034 0.9068
0 0.1 0.1848 0.3982 0.5493 0.6562 0.7318 0.7853 0.8232 0.85 0.869 0.8824 0.8919 0.8986 0.9034 0.9068
0 0.1 0.1848 0.3982 0.5493 0.6562 0.7318 0.7853 0.8232 0.85 0.869 0.8824 0.8919 0.8986 0.9034 0.9068
0 0.1 0.1848 0.3982 0.5493 0.6562 0.7318 0.7853 0.8232 0.85 0.869 0.8824 0.8919 0.8986 0.9034 0.9068
0 0.1 0.1848 0.3982 0.5493 0.6562 0.7318 0.7853 0.8232 0.85 0.869 0.8824 0.8919 0.8986 0.9034 0.9068
0 0.1 0.1848 0.3982 0.5493 0.6562 0.7318 0.7853 0.8232 0.85 0.869 0.8824 0.8919 0.8986 0.9034 0.9068
0 0.1 0.1848 0.3982 0.5493 0.6562 0.7318 0.7853 0.8232 0.85 0.869 0.8824 0.8919 0.8986 0.9034 0.9068
0 0.1 0.1848 0.3982 0.5493 0.6562 0.7318 0.7853 0.8232 0.85 0.869 0.8824 0.8919 0.8986 0.9034 0.9068
0 0.1 0.1848 0.3982 0.5493 0.6562 0.7318 0.7853 0.8232 0.85 0.869 0.8824 0.8919 0.8986 0.9034 0.9068
0 0.1 0.1848 0.3982 0.5493 0.6562 0.7318 0.7853 0.8232 0.85 0.869 0.8824 0.8919 0.8986 0.9034 0.9068
0 0.1 0.1848 0.3982 0.5493 0.6562 0.7318 0.7853 0.8232 0.85 0.869 0.8824 0.8919 0.8986 0.9034 0.9068
0 0.1 0.1848 0.3982 0.5493 0.6562 0.7318 0.7853 0.8232 0.85 0.869 0.8824 0.8919 0.8986 0.9034 0.9068
0 0.1 0.1848 0.3982 0.5493 0.6562 0.7318 0.7853 0.8232 0.85 0.869 0.8824 0.8919 0.8986 0.9034 0.9068
0 0.1 0.1848 0.3982 0.5493 0.6562 0.7318 0.7853 0.8232 0.85 0.869 0.8824 0.8919 0.8986 0.9034 0.9068
0 0.1 0.1848 0.3982 0.5493 0.6562 0.7318 0.7853 0.8232 0.85 0.869 0.8824 0.8919 0.8986 0.9034 0.9068
0 0.1 0.1848 0.3982 0.5493 0.6562 0.7318 0.7853 0.8232 0.85 0.869 0.8824 0.8919 0.8986 0.9034 0.9068
0 0.1 0.1848 0.3982 0.5493 0.6562 0.7318 0.7853 0.8232 0.85 0.869 0.8824 0.8919 0.8986 0.9034 0.9068
0 0.1 0.1848 0.3982 0.5493 0.6562 0.7318 0.7853 0.8232 0.85 0.869 0.8824 0.8919 0.8986 0.9034 0.9068
0 0.1 0.1848 0.3982 0.5493 0.6562 0.7318 0.7853 0.8232 0.85 0.869 0.8824 0.8919 0.8986 0.9034 0.9068
0 0.1 0.1848 0.3982 0.5493 0.6562 0.7318 0.7853 0.8232 0.85 0.869 0.8824 0.8919 0.8986 0.9034 0.9068
0 0.1 0.1848 0.3982 0.5493 0.6562 0.7318 0.7853 0.8232 0.85 0.869 0.8824 0.8919 0.8986 0.9034 0.9068
# wt_fsh cod.trawl
0 0.1 0.3 0.6 1.5 2.6 3.5 5.1 6.8 7.5 8.2 8.4 9.9
0 0.1 0.3 0.6 1.5 2.6 3.5 5.1 6.8 7.5 8.2 8.4 9.9
0 0.1 0.3 0.6 1.5 2.6 3.5 5.1 6.8 7.5 8.2 8.4 9.9
0 0.1 0.3 0.6 1.5 2.6 3.5 5.1 6.8 7.5 8.2 8.4 9.9
0 0.1 0.3 0.6 1.5 2.6 3.5 5.1 6.8 7.5 8.2 8.4 9.9
0 0.1 0.3 0.6 1.5 2.6 3.5 5.1 6.8 7.5 8.2 8.4 9.9
0 0.1 0.3 0.6 1.5 2.6 3.5 5.1 6.8 7.5 8.2 8.4 9.9
0 0.1 0.3 0.6 1.5 2.6 3.5 5.1 6.8 7.5 8.2 8.4 9.9
0 0.1 0.3 0.6 1.5 2.6 3.5 5.1 6.8 7.5 8.2 8.4 9.9
0 0.1 0.3 0.6 1.5 2.6 3.5 5.1 6.8 7.5 8.2 8.4 9.9
0 0.1 0.3 0.6 1.5 2.6 3.5 5.1 6.8 7.5 8.2 8.4 9.9
0 0.1 0.3 0.6 1.5 2.6 3.5 5.1 6.8 7.5 8.2 8.4 9.9
0 0.1 0.3 0.6 1.5 2.6 3.5 5.1 6.8 7.5 8.2 8.4 9.9
0 0.1 0.3 0.6 1.5 2.6 3.5 5.1 6.8 7.5 8.2 8.4 9.9
0 0.1 0.3 0.6 1.5 2.6 3.5 5.1 6.8 7.5 8.2 8.4 9.9
0 0.1 0.3 0.6 1.5 2.6 3.5 5.1 6.8 7.5 8.2 8.4 9.9
0 0.1 0.3 0.6 1.5 2.6 3.5 5.1 6.8 7.5 8.2 8.4 9.9
0 0.1 0.3 0.6 1.5 2.6 3.5 5.1 6.8 7.5 8.2 8.4 9.9
0 0.1 0.3 0.6 1.5 2.6 3.5 5.1 6.8 7.5 8.2 8.4 9.9
0 0.1 0.3 0.6 1.5 2.6 3.5 5.1 6.8 7.5 8.2 8.4 9.9
0 0.1 0.3 0.6 1.5 2.6 3.5 5.1 6.8 7.5 8.2 8.4 9.9
0 0.1 0.3 0.6 1.5 2.6 3.5 5.1 6.8 7.5 8.2 8.4 9.9
0 0.1 0.3 0.6 1.5 2.6 3.5 5.1 6.8 7.5 8.2 8.4 9.9
0 0.1 0.3 0.6 1.5 2.6 3.5 5.1 6.8 7.5 8.2 8.4 9.9
0 0.1 0.3 0.6 1.5 2.6 3.5 5.1 6.8 7.5 8.2 8.4 9.9
# wt_fsh cod.pot
0 0.1 0.3 0.6 1.5 2.6 3.5 5.1 6.8 7.5 8.2 8.4 9.9
0 0.1 0.3 0.6 1.5 2.6 3.5 5.1 6.8 7.5 8.2 8.4 9.9
0 0.1 0.3 0.6 1.5 2.6 3.5 5.1 6.8 7.5 8.2 8.4 9.9
0 0.1 0.3 0.6 1.5 2.6 3.5 5.1 6.8 7.5 8.2 8.4 9.9
0 0.1 0.3 0.6 1.5 2.6 3.5 5.1 6.8 7.5 8.2 8.4 9.9
0 0.1 0.3 0.6 1.5 2.6 3.5 5.1 6.8 7.5 8.2 8.4 9.9
0 0.1 0.3 0.6 1.5 2.6 3.5 5.1 6.8 7.5 8.2 8.4 9.9
0 0.1 0.3 0.6 1.5 2.6 3.5 5.1 6.8 7.5 8.2 8.4 9.9
0 0.1 0.3 0.6 1.5 2.6 3.5 5.1 6.8 7.5 8.2 8.4 9.9
0 0.1 0.3 0.6 1.5 2.6 3.5 5.1 6.8 7.5 8.2 8.4 9.9
0 0.1 0.3 0.6 1.5 2.6 3.5 5.1 6.8 7.5 8.2 8.4 9.9
0 0.1 0.3 0.6 1.5 2.6 3.5 5.1 6.8 7.5 8.2 8.4 9.9
0 0.1 0.3 0.6 1.5 2.6 3.5 5.1 6.8 7.5 8.2 8.4 9.9
0 0.1 0.3 0.6 1.5 2.6 3.5 5.1 6.8 7.5 8.2 8.4 9.9
0 0.1 0.3 0.6 1.5 2.6 3.5 5.1 6.8 7.5 8.2 8.4 9.9
0 0.1 0.3 0.6 1.5 2.6 3.5 5.1 6.8 7.5 8.2 8.4 9.9
0 0.1 0.3 0.6 1.5 2.6 3.5 5.1 6.8 7.5 8.2 8.4 9.9
0 0.1 0.3 0.6 1.5 2.6 3.5 5.1 6.8 7.5 8.2 8.4 9.9
0 0.1 0.3 0.6 1.5 2.6 3.5 5.1 6.8 7.5 8.2 8.4 9.9
0 0.1 0.3 0.6 1.5 2.6 3.5 5.1 6.8 7.5 8.2 8.4 9.9
0 0.1 0.3 0.6 1.5 2.6 3.5 5.1 6.8 7.5 8.2 8.4 9.9
0 0.1 0.3 0.6 1.5 2.6 3.5 5.1 6.8 7.5 8.2 8.4 9.9
0 0.1 0.3 0.6 1.5 2.6 3.5 5.1 6.8 7.5 8.2 8.4 9.9
0 0.1 0.3 0.6 1.5 2.6 3.5 5.1 6.8 7.5 8.2 8.4 9.9
0 0.1 0.3 0.6 1.5 2.6 3.5 5.1 6.8 7.5 8.2 8.4 9.9
# wt_fsh cod.longline
0 0.1 0.3 0.6 1.5 2.6 3.5 5.1 6.8 7.5 8.2 8.4 9.9
0 0.1 0.3 0.6 1.5 2.6 3.5 5.1 6.8 7.5 8.2 8.4 9.9
0 0.1 0.3 0.6 1.5 2.6 3.5 5.1 6.8 7.5 8.2 8.4 9.9
0 0.1 0.3 0.6 1.5 2.6 3.5 5.1 6.8 7.5 8.2 8.4 9.9
0 0.1 0.3 0.6 1.5 2.6 3.5 5.1 6.8 7.5 8.2 8.4 9.9
0 0.1 0.3 0.6 1.5 2.6 3.5 5.1 6.8 7.5 8.2 8.4 9.9
0 0.1 0.3 0.6 1.5 2.6 3.5 5.1 6.8 7.5 8.2 8.4 9.9
0 0.1 0.3 0.6 1.5 2.6 3.5 5.1 6.8 7.5 8.2 8.4 9.9
0 0.1 0.3 0.6 1.5 2.6 3.5 5.1 6.8 7.5 8.2 8.4 9.9
0 0.1 0.3 0.6 1.5 2.6 3.5 5.1 6.8 7.5 8.2 8.4 9.9
0 0.1 0.3 0.6 1.5 2.6 3.5 5.1 6.8 7.5 8.2 8.4 9.9
0 0.1 0.3 0.6 1.5 2.6 3.5 5.1 6.8 7.5 8.2 8.4 9.9
0 0.1 0.3 0.6 1.5 2.6 3.5 5.1 6.8 7.5 8.2 8.4 9.9
0 0.1 0.3 0.6 1.5 2.6 3.5 5.1 6.8 7.5 8.2 8.4 9.9
0 0.1 0.3 0.6 1.5 2.6 3.5 5.1 6.8 7.5 8.2 8.4 9.9
0 0.1 0.3 0.6 1.5 2.6 3.5 5.1 6.8 7.5 8.2 8.4 9.9
0 0.1 0.3 0.6 1.5 2.6 3.5 5.1 6.8 7.5 8.2 8.4 9.9
0 0.1 0.3 0.6 1.5 2.6 3.5 5.1 6.8 7.5 8.2 8.4 9.9
0 0.1 0.3 0.6 1.5 2.6 3.5 5.1 6.8 7.5 8.2 8.4 9.9
0 0.1 0.3 0.6 1.5 2.6 3.5 5.1 6.8 7.5 8.2 8.4 9.9
0 0.1 0.3 0.6 1.5 2.6 3.5 5.1 6.8 7.5 8.2 8.4 9.9
0 0.1 0.3 0.6 1.5 2.6 3.5 5.1 6.8 7.5 8.2 8.4 9.9
0 0.1 0.3 0.6 1.5 2.6 3.5 5.1 6.8 7.5 8.2 8.4 9.9
0 0.1 0.3 0.6 1.5 2.6 3.5 5.1 6.8 7.5 8.2 8.4 9.9
0 0.1 0.3 0.6 1.5 2.6 3.5 5.1 6.8 7.5 8.2 8.4 9.9
 # nyrs_fsh_comp
8 20 14 10 14
# yrs_fsh_comp
1990 1991 1992 1993 1994 1995 1996 1998
1979 1980 1981 1982 1983 1984 1985 1986 1987 1988 1990 1991 1994 1995 1996 1998 1999 2000 2001 2002
1990 1991 1992 1993 1994 1995 1996 1997 1998 1999 2000 2001 2002 2003
1991 1992 1994 1995 1996 1997 1998 1999 2000 2001
1990 1991 1992 1993 1994 1995 1996 1997 1998 1999 2000 2001 2002 2003
# nsmpl_fsh
10 10 10 10 10 50 50 50
25 25 100 100 100 100 100 100 100 100 100 100 100 100 100 100 100 100 100 100
10 10 10 10 10 10 10 10 10 10 10 10 10 10
10 10 10 10 10 10 10 10 10 10
10 10 10 10 10 10 10 10 10 10 10 10 10 10
# oc_fsh 
0 0 0 0 0 0.1 0.1 0.2 0.3 0 0 0 0.3 0 0 0
0.1 0 0 0 0 0.2 0 0.1 0.1 0.1 0 0.2 0 0.1 0.1 0
0 0 0 0 0 0.1 0 0.1 0.2 0.2 0.2 0 0.2 0 0 0
0 0 0 0.1 0 0.1 0.3 0 0.1 0 0.1 0 0 0.2 0 0.1
0 0 0 0 0 0.1 0.1 0 0.1 0 0.4 0.1 0.1 0 0.1 0
0 0 0 0.02 0.06 0.02 0.34 0.06 0.1 0.08 0.04 0.1 0.08 0.08 0 0.02
0 0 0 0.04 0.02 0.24 0.08 0.24 0.14 0.06 0 0.06 0 0 0.08 0.04
0 0 0 0.02 0.02 0.18 0.38 0.2 0.1 0 0.04 0 0 0.02 0 0.04
# oc_fsh 
0 0 0.08 0.12 0.4 0.4 0 0 0 0 0 0 0 0 0 0
0.04 0.04 0.04 0.32 0.2 0.16 0.12 0.04 0 0 0 0 0 0 0 0.04
0 0.02 0 0.1 0.55 0.08 0.12 0.13 0 0 0 0 0 0 0 0
0 0 0.01 0.05 0.13 0.66 0.09 0.03 0.03 0 0 0 0 0 0 0
0.01 0 0.01 0.08 0.04 0.19 0.59 0.05 0.02 0.01 0 0 0 0 0 0
0 0.02 0.02 0.01 0.14 0.15 0.14 0.49 0.03 0 0 0 0 0 0 0
0 0 0.1 0.1 0.26 0.15 0.13 0.05 0.18 0.01 0.01 0.01 0 0 0 0
0.02 0.01 0.08 0.14 0.11 0.11 0.07 0.09 0.09 0.28 0 0 0 0 0 0
0 0 0.03 0.26 0.2 0.1 0.09 0.12 0.03 0.03 0.13 0.01 0 0 0 0
0 0.01 0.07 0.13 0.5 0.15 0.06 0.03 0.03 0 0.01 0.01 0 0 0 0
0.01 0.01 0.09 0.07 0.35 0.25 0.14 0.05 0.02 0 0.01 0 0 0 0 0
0 0.01 0 0.14 0.1 0.32 0.2 0.18 0.03 0.01 0 0.01 0 0 0 0
0 0 0.02 0.05 0.06 0.23 0.47 0.02 0.1 0.02 0.03 0 0 0 0 0
0 0 0 0.06 0.29 0.17 0.11 0.22 0.03 0.04 0.04 0.02 0.02 0 0 0
0 0.02 0.01 0.1 0.26 0.27 0.06 0.12 0.13 0 0.01 0 0.02 0 0 0
0.01 0 0.01 0.11 0.14 0.2 0.3 0.1 0.05 0.03 0.03 0.01 0 0 0.01 0
0 0.01 0.02 0.02 0.47 0.18 0.11 0.11 0.04 0.02 0.01 0.01 0 0 0 0
0 0.02 0.03 0.06 0.09 0.42 0.15 0.07 0.09 0.02 0.02 0.03 0 0 0 0
0.01 0.01 0.1 0.13 0.13 0.1 0.3 0.05 0.06 0.05 0.04 0.01 0.01 0 0 0
0 0 0.04 0.34 0.22 0.11 0.08 0.12 0.05 0.01 0.02 0 0 0.01 0 0
# oc_fsh 
0 0 0 0 0 0 0.1 0.1 0 0.1 0 0 0 0 0.1 0 0.2 0.3 0.1 0 0 0 0 0
0 0 0 0 0 0 0 0 0 0.1 0 0 0 0 0 0.3 0 0.2 0.4 0 0 0 0 0
0 0 0 0 0 0 0 0.1 0.1 0.1 0 0 0 0 0.1 0.1 0 0.3 0.1 0.1 0 0 0 0
0 0 0 0 0 0 0 0 0.1 0 0 0 0.2 0 0.2 0.1 0.2 0.1 0 0.1 0 0 0 0
0 0 0 0 0 0 0 0 0.2 0.1 0 0 0.1 0.1 0.1 0 0.2 0 0 0.2 0 0 0 0
0 0 0 0 0 0 0 0 0 0.1 0 0.1 0 0 0.2 0 0.2 0.2 0.1 0 0.1 0 0 0
0 0 0 0 0 0 0 0 0.1 0 0.1 0 0 0.2 0.2 0.1 0.2 0 0 0.1 0 0 0 0
0 0 0 0 0 0 0.1 0 0 0 0 0.1 0 0.1 0.1 0 0.4 0 0 0.1 0.1 0 0 0
0 0 0 0 0 0 0 0 0 0 0 0.2 0.2 0 0 0.2 0.1 0.1 0.1 0.1 0 0 0 0
0 0 0 0 0 0 0 0 0 0 0 0.1 0.3 0.1 0.1 0.2 0 0.1 0.1 0 0 0 0 0
0 0 0 0 0.1 0 0.1 0 0 0 0 0.2 0.1 0 0.1 0.1 0.1 0.1 0 0.1 0 0 0 0
0 0 0 0 0 0 0 0 0 0.2 0 0 0 0.2 0.3 0.1 0.1 0.1 0 0 0 0 0 0
0 0 0 0.1 0 0 0.1 0.1 0 0.2 0.2 0.1 0 0 0.1 0 0 0.1 0 0 0 0 0 0
0 0 0 0 0 0 0 0.1 0.1 0.1 0.2 0 0 0.2 0.1 0 0 0 0.1 0 0.1 0 0 0
# oc_fsh 
0 0 0 0 0 0 0 0 0 0 0.1 0.1 0.2 0 0.1 0.1 0.1 0 0.3 0 0 0 0 0
0 0 0 0 0 0 0.1 0 0 0.1 0 0 0.1 0.1 0 0.3 0 0.1 0.1 0.1 0 0 0 0
0 0 0 0 0 0.1 0 0 0.3 0.1 0 0 0 0.1 0 0.1 0 0 0.2 0 0 0.1 0 0
0 0 0 0 0 0 0 0 0 0 0 0.4 0 0.2 0 0.1 0.1 0.2 0 0 0 0 0 0
0 0 0 0 0 0 0 0 0 0 0.2 0 0.3 0 0.1 0 0 0.2 0.2 0 0 0 0 0
0 0 0 0 0 0 0 0 0 0 0.1 0.1 0 0.2 0 0.1 0.1 0.2 0 0.1 0.1 0 0 0
0 0 0 0 0 0 0 0 0 0.1 0 0 0.2 0.1 0.1 0.1 0.2 0.1 0 0.1 0 0 0 0
0 0 0 0 0 0 0 0 0 0 0 0 0.1 0.2 0.2 0 0.1 0.1 0.1 0.2 0 0 0 0
0 0 0 0 0 0 0.1 0 0 0 0 0.1 0.3 0.1 0 0.1 0.2 0 0 0.1 0 0 0 0
0 0 0 0 0 0.1 0 0 0 0 0.1 0 0.1 0.2 0.2 0.2 0 0 0 0 0 0.1 0 0
# oc_fsh 
0 0 0 0 0 0 0 0 0.1 0 0.1 0.1 0 0.4 0 0 0 0 0.1 0.2 0 0 0 0
0 0 0 0 0 0 0 0 0 0.1 0 0 0.3 0 0.1 0 0.1 0.1 0.1 0.1 0.1 0 0 0
0 0 0 0 0 0.1 0 0 0 0 0.2 0.3 0 0 0 0 0 0 0.2 0.1 0.1 0 0 0
0 0 0 0 0 0 0 0 0.1 0 0.1 0 0 0.1 0.2 0.1 0.2 0.1 0.1 0 0 0 0 0
0 0 0 0.1 0 0 0 0 0 0 0.2 0 0.2 0.1 0 0.1 0.1 0.1 0 0 0.1 0 0 0
0 0 0 0 0 0 0.1 0 0 0 0 0.2 0 0.1 0 0.2 0 0 0.4 0 0 0 0 0
0 0 0 0 0 0 0 0 0 0 0 0.1 0.2 0.1 0 0.2 0.1 0.2 0.1 0 0 0 0 0
0 0 0 0 0 0 0 0 0.1 0.1 0.2 0.3 0 0 0.1 0.2 0 0 0 0 0 0 0 0
0 0 0 0 0 0 0 0.1 0 0 0.1 0.2 0 0.1 0.2 0.2 0.1 0 0 0 0 0 0 0
0 0 0 0 0.1 0 0 0 0 0.2 0.1 0.1 0 0.1 0.1 0.1 0 0.1 0 0 0.1 0 0 0
0 0 0 0 0 0 0 0 0.1 0.1 0 0.1 0.1 0.1 0.1 0.2 0.1 0.1 0 0 0 0 0 0
0 0 0 0 0.1 0 0 0 0 0.1 0.2 0.2 0.2 0 0.1 0 0.1 0 0 0 0 0 0 0
0 0 0 0 0 0 0 0 0 0 0 0.1 0.1 0.1 0.3 0 0 0.4 0 0 0 0 0 0
0 0 0 0 0 0 0.1 0.1 0.1 0.1 0.3 0.1 0 0.1 0 0 0 0 0.1 0 0 0 0 0
 # nsrv_spp
1 1 1
 # spp_srv
1 2 3
 # nyrs_srv
5 6 8
# yrs_srv
1991 1994 1997 2000 2002
1986 1991 1994 1997 2000 2002
1980 1983 1986 1991 1994 1997 2000 2002
 # mo_srv
8 7.5 7.5
# obs_srv
191.743011763746 136.668334701932 42.4215973260864 15.6700800522621 132.530371347284
90.2108202078047 247.139529667826 366.01761992234 447.062380182475 311.63110988333 656.407476451625
183.402865786058 152.527189390613 201.137824012097 218.096879724767 163.141196970832 136.145378844205 95.0604241284474 71.7948199664705
# obs_se_srv
16.8 9.7 15.7 27.5 55.1
343.195 104.887 198.15 105.473 144.781 157.262
29.778 30.993 66.524 25.532 33.695 10.499 23.553 12.018
# nyrs_srv_age
3
5
5
# yrs_srv_age
1991 1997 2002
1986 1991 1994 1997 2000
1991 1994 1997 2000 2002
# nsmpl_srv
100 100 100
50 50 50 50 50
40 40 40 40 40
# oc_srv pollock
0 0 0.05 0.02 0.04 0.05 0 0.07 0.1 0.28 0.01 0.18 0.01 0.13 0.01 0.05
0 0 0.01 0.05 0.09 0.14 0.08 0.05 0.16 0.13 0.05 0.04 0.02 0.02 0.02 0.14
0.06 0 0.07 0.08 0.03 0.03 0.02 0.18 0.1 0.15 0.12 0.06 0.02 0.07 0 0.01
# oc_srv mackerel
0.02 0.04 0.24 0.14 0.16 0.12 0.14 0.06 0.02 0.04 0.02 0 0 0 0 0
0.02 0.02 0.02 0.42 0.18 0.1 0.1 0.1 0.02 0 0 0 0 0 0.02 0
0.02 0 0.08 0.16 0.14 0.26 0.24 0.04 0.06 0 0 0 0 0 0 0
0 0 0.102 0.222 0.179 0.231 0.071 0.036 0.049 0.067 0.01 0.01 0.003 0.008 0 0
0 0 0.288 0.082 0.027 0.242 0.073 0.076 0.127 0.04 0.02 0.015 0.006 0.003 0 0.001
# oc_srv cod
0 0.05 0.05 0.125 0.05 0 0.05 0.05 0.025 0.125 0.075 0.075 0.075 0.025 0.075 0.025 0.075 0.025 0 0.025 0 0 0 0
0 0.05 0.05 0.1 0.05 0.025 0.05 0.025 0.075 0.075 0.125 0.1 0.075 0.05 0.05 0 0.025 0.05 0 0.025 0 0 0 0
0 0.025 0 0.025 0.075 0.05 0.1 0.075 0.075 0.15 0.075 0.15 0.1 0.025 0.025 0 0.025 0 0.025 0 0 0 0 0
0 0.008 0.0269 0.0023 0.0069 0.0146 0.0179 0.0619 0.1092 0.1303 0.1533 0.1564 0.113 0.0766 0.0536 0.0261 0.0175 0.0109 0.0068 0.0032 0.0039 5e-04 0 0
2e-04 0.0031 0.0192 0.015 0.0263 0.0961 0.1456 0.0747 0.0945 0.0942 0.0945 0.0505 0.0424 0.049 0.0545 0.0605 0.0386 0.0222 0.0084 0.0073 0.002 0.0011 0 0
# wt_srv pollock
0 0.137038229 0.382191551 0.654884572 0.901051238 1.101086843 1.254177594 1.36712965 1.448548268 1.506350672 1.546974255 1.575331305 1.595034972 1.60868314 1.618116663 1.624627525
0 0.137038229 0.382191551 0.654884572 0.901051238 1.101086843 1.254177594 1.36712965 1.448548268 1.506350672 1.546974255 1.575331305 1.595034972 1.60868314 1.618116663 1.624627525
0 0.098049947 0.302350689 0.535866648 0.746959726 0.917288013 1.046318416 1.140442094 1.207500939 1.254559008 1.287256948 1.309829542 1.325345397 1.3359804 1.343256368 1.34822824
0 0.098049947 0.302350689 0.535866648 0.746959726 0.917288013 1.046318416 1.140442094 1.207500939 1.254559008 1.287256948 1.309829542 1.325345397 1.3359804 1.343256368 1.34822824
0 0.059061665 0.222509826 0.416848724 0.592868214 0.733489184 0.838459238 0.913754537 0.96645361 1.002767345 1.02753964 1.044327779 1.055655823 1.06327766 1.068396074 1.071828956
0 0.078678277 0.235606441 0.416405603 0.581882761 0.717369226 0.821665812 0.899057947 0.95519168 0.99532101 1.023743646 1.043755206 1.057791873 1.067614968 1.074480293 1.079275327
0 0.078678277 0.235606441 0.416405603 0.581882761 0.717369226 0.821665812 0.899057947 0.95519168 0.99532101 1.023743646 1.043755206 1.057791873 1.067614968 1.074480293 1.079275327
0 0.098294889 0.248703056 0.415962483 0.570897308 0.701249269 0.804872386 0.884361357 0.94392975 0.987874676 1.019947651 1.043182633 1.059927924 1.071952275 1.080564512 1.086721698
0 0.098294889 0.253690214 0.451942811 0.685810205 0.803619647 0.944166532 1.03627961 1.083792786 1.122604995 1.191436465 1.195353109 1.178504261 1.190494246 1.20811022 1.173372762
0 0.098294889 0.253690214 0.451942811 0.685810205 0.803619647 0.944166532 1.03627961 1.083792786 1.122604995 1.191436465 1.195353109 1.178504261 1.190494246 1.20811022 1.173372762
0 0.098294889 0.253690214 0.451942811 0.685810205 0.803619647 0.944166532 1.03627961 1.083792786 1.122604995 1.191436465 1.195353109 1.178504261 1.190494246 1.20811022 1.173372762
0 0.098294889 0.253690214 0.451942811 0.685810205 0.803619647 0.944166532 1.03627961 1.083792786 1.122604995 1.191436465 1.195353109 1.178504261 1.190494246 1.20811022 1.173372762
0 0 0.258677372 0.48792314 0.800723101 0.905990024 1.083460678 1.188197863 1.223655822 1.257335315 1.362925279 1.347523586 1.297080599 1.309036217 1.335655929 1.260023826
0 0.073519022 0.255971018 0.439037934 0.778477072 0.897565489 1.007083525 1.129316476 1.201207405 1.235307734 1.339625821 1.352688599 1.342944463 1.354080064 1.374350723 1.355845804
0 0.073519022 0.255971018 0.439037934 0.778477072 0.897565489 1.007083525 1.129316476 1.201207405 1.235307734 1.339625821 1.352688599 1.342944463 1.354080064 1.374350723 1.355845804
0 0.073519022 0.255971018 0.439037934 0.778477072 0.897565489 1.007083525 1.129316476 1.201207405 1.235307734 1.339625821 1.352688599 1.342944463 1.354080064 1.374350723 1.355845804
0 0.073519022 0.255971018 0.439037934 0.778477072 0.897565489 1.007083525 1.129316476 1.201207405 1.235307734 1.339625821 1.352688599 1.342944463 1.354080064 1.374350723 1.355845804
0 0.073519022 0.255971018 0.439037934 0.778477072 0.897565489 1.007083525 1.129316476 1.201207405 1.235307734 1.339625821 1.352688599 1.342944463 1.354080064 1.374350723 1.355845804
0 0.069622325 0.253264665 0.390152727 0.756231042 0.889140954 0.930706372 1.070435088 1.178758988 1.213280153 1.316326363 1.357853611 1.388808327 1.399123911 1.413045518 1.451667782
0 0.051143472 0.234013308 0.41947035 0.719804945 0.990200633 1.037690618 1.189813441 1.242481511 1.377397899 1.453441905 1.484670492 1.53738354 1.539335305 1.542586174 1.529952349
0 0.051143472 0.234013308 0.41947035 0.719804945 0.990200633 1.037690618 1.189813441 1.242481511 1.377397899 1.453441905 1.484670492 1.53738354 1.539335305 1.542586174 1.529952349
0 0.051143472 0.234013308 0.41947035 0.719804945 0.990200633 1.037690618 1.189813441 1.242481511 1.377397899 1.453441905 1.484670492 1.53738354 1.539335305 1.542586174 1.529952349
0 0.051143472 0.234013308 0.41947035 0.719804945 0.990200633 1.037690618 1.189813441 1.242481511 1.377397899 1.453441905 1.484670492 1.53738354 1.539335305 1.542586174 1.529952349
0 0.032664618 0.21476195 0.448787974 0.683378849 1.091260313 1.144674864 1.309191794 1.306204033 1.541515644 1.590557447 1.611487373 1.685958753 1.679546698 1.67212683 1.608236917
0 0.032664618 0.21476195 0.448787974 0.683378849 1.091260313 1.144674864 1.309191794 1.306204033 1.541515644 1.590557447 1.611487373 1.685958753 1.679546698 1.67212683 1.608236917
# wt_srv mackerel
0 0.1 0.1276 0.4205 0.6598 0.7557 0.7941 0.8095 0.8157 0.8181 0.8191 0.8195 0.8197 0.8197 0.8198 0.8198
0 0.1 0.1276 0.4205 0.6598 0.7557 0.7941 0.8095 0.8157 0.8181 0.8191 0.8195 0.8197 0.8197 0.8198 0.8198
0 0.1 0.1276 0.4205 0.6598 0.7557 0.7941 0.8095 0.8157 0.8181 0.8191 0.8195 0.8197 0.8197 0.8198 0.8198
0 0.1 0.1276 0.4205 0.6598 0.7557 0.7941 0.8095 0.8157 0.8181 0.8191 0.8195 0.8197 0.8197 0.8198 0.8198
0 0.1 0.1276 0.4205 0.6598 0.7557 0.7941 0.8095 0.8157 0.8181 0.8191 0.8195 0.8197 0.8197 0.8198 0.8198
0 0.1 0.1276 0.4205 0.6598 0.7557 0.7941 0.8095 0.8157 0.8181 0.8191 0.8195 0.8197 0.8197 0.8198 0.8198
0 0.1 0.1276 0.4205 0.6598 0.7557 0.7941 0.8095 0.8157 0.8181 0.8191 0.8195 0.8197 0.8197 0.8198 0.8198
0 0.1 0.1276 0.4205 0.6598 0.7557 0.7941 0.8095 0.8157 0.8181 0.8191 0.8195 0.8197 0.8197 0.8198 0.8198
0 0.1 0.1276 0.4205 0.6598 0.7557 0.7941 0.8095 0.8157 0.8181 0.8191 0.8195 0.8197 0.8197 0.8198 0.8198
0 0.1 0.1276 0.4205 0.6598 0.7557 0.7941 0.8095 0.8157 0.8181 0.8191 0.8195 0.8197 0.8197 0.8198 0.8198
0 0.1 0.1276 0.4205 0.6598 0.7557 0.7941 0.8095 0.8157 0.8181 0.8191 0.8195 0.8197 0.8197 0.8198 0.8198
0 0.1 0.1276 0.4205 0.6598 0.7557 0.7941 0.8095 0.8157 0.8181 0.8191 0.8195 0.8197 0.8197 0.8198 0.8198
0 0.1 0.1276 0.4205 0.6598 0.7557 0.7941 0.8095 0.8157 0.8181 0.8191 0.8195 0.8197 0.8197 0.8198 0.8198
0 0.1 0.1276 0.4205 0.6598 0.7557 0.7941 0.8095 0.8157 0.8181 0.8191 0.8195 0.8197 0.8197 0.8198 0.8198
0 0.1 0.1276 0.4205 0.6598 0.7557 0.7941 0.8095 0.8157 0.8181 0.8191 0.8195 0.8197 0.8197 0.8198 0.8198
0 0.1 0.1276 0.4205 0.6598 0.7557 0.7941 0.8095 0.8157 0.8181 0.8191 0.8195 0.8197 0.8197 0.8198 0.8198
0 0.1 0.1276 0.4205 0.6598 0.7557 0.7941 0.8095 0.8157 0.8181 0.8191 0.8195 0.8197 0.8197 0.8198 0.8198
0 0.1 0.1276 0.4205 0.6598 0.7557 0.7941 0.8095 0.8157 0.8181 0.8191 0.8195 0.8197 0.8197 0.8198 0.8198
0 0.1 0.1276 0.4205 0.6598 0.7557 0.7941 0.8095 0.8157 0.8181 0.8191 0.8195 0.8197 0.8197 0.8198 0.8198
0 0.1 0.1276 0.4205 0.6598 0.7557 0.7941 0.8095 0.8157 0.8181 0.8191 0.8195 0.8197 0.8197 0.8198 0.8198
0 0.1 0.1276 0.4205 0.6598 0.7557 0.7941 0.8095 0.8157 0.8181 0.8191 0.8195 0.8197 0.8197 0.8198 0.8198
0 0.1 0.1276 0.4205 0.6598 0.7557 0.7941 0.8095 0.8157 0.8181 0.8191 0.8195 0.8197 0.8197 0.8198 0.8198
0 0.1 0.1276 0.4205 0.6598 0.7557 0.7941 0.8095 0.8157 0.8181 0.8191 0.8195 0.8197 0.8197 0.8198 0.8198
0 0.1 0.1276 0.4205 0.6598 0.7557 0.7941 0.8095 0.8157 0.8181 0.8191 0.8195 0.8197 0.8197 0.8198 0.8198
0 0.1 0.1276 0.4205 0.6598 0.7557 0.7941 0.8095 0.8157 0.8181 0.8191 0.8195 0.8197 0.8197 0.8198 0.8198
# wt_srv cod
0 0.1 0.3 0.6 1.5 2.6 3.5 5.1 6.8 7.5 8.2 8.4 9.9
0 0.1 0.3 0.6 1.5 2.6 3.5 5.1 6.8 7.5 8.2 8.4 9.9
0 0.1 0.3 0.6 1.5 2.6 3.5 5.1 6.8 7.5 8.2 8.4 9.9
0 0.1 0.3 0.6 1.5 2.6 3.5 5.1 6.8 7.5 8.2 8.4 9.9
0 0.1 0.3 0.6 1.5 2.6 3.5 5.1 6.8 7.5 8.2 8.4 9.9
0 0.1 0.3 0.6 1.5 2.6 3.5 5.1 6.8 7.5 8.2 8.4 9.9
0 0.1 0.3 0.6 1.5 2.6 3.5 5.1 6.8 7.5 8.2 8.4 9.9
0 0.1 0.3 0.6 1.5 2.6 3.5 5.1 6.8 7.5 8.2 8.4 9.9
0 0.1 0.3 0.6 1.5 2.6 3.5 5.1 6.8 7.5 8.2 8.4 9.9
0 0.1 0.3 0.6 1.5 2.6 3.5 5.1 6.8 7.5 8.2 8.4 9.9
0 0.1 0.3 0.6 1.5 2.6 3.5 5.1 6.8 7.5 8.2 8.4 9.9
0 0.1 0.3 0.6 1.5 2.6 3.5 5.1 6.8 7.5 8.2 8.4 9.9
0 0.1 0.3 0.6 1.5 2.6 3.5 5.1 6.8 7.5 8.2 8.4 9.9
0 0.1 0.3 0.6 1.5 2.6 3.5 5.1 6.8 7.5 8.2 8.4 9.9
0 0.1 0.3 0.6 1.5 2.6 3.5 5.1 6.8 7.5 8.2 8.4 9.9
0 0.1 0.3 0.6 1.5 2.6 3.5 5.1 6.8 7.5 8.2 8.4 9.9
0 0.1 0.3 0.6 1.5 2.6 3.5 5.1 6.8 7.5 8.2 8.4 9.9
0 0.1 0.3 0.6 1.5 2.6 3.5 5.1 6.8 7.5 8.2 8.4 9.9
0 0.1 0.3 0.6 1.5 2.6 3.5 5.1 6.8 7.5 8.2 8.4 9.9
0 0.1 0.3 0.6 1.5 2.6 3.5 5.1 6.8 7.5 8.2 8.4 9.9
0 0.1 0.3 0.6 1.5 2.6 3.5 5.1 6.8 7.5 8.2 8.4 9.9
0 0.1 0.3 0.6 1.5 2.6 3.5 5.1 6.8 7.5 8.2 8.4 9.9
0 0.1 0.3 0.6 1.5 2.6 3.5 5.1 6.8 7.5 8.2 8.4 9.9
0 0.1 0.3 0.6 1.5 2.6 3.5 5.1 6.8 7.5 8.2 8.4 9.9
0 0.1 0.3 0.6 1.5 2.6 3.5 5.1 6.8 7.5 8.2 8.4 9.9
# wt_pop pollock
0 0.04 0.21 0.41 0.69 0.89 1.09 1.25 1.33 1.4 1.48 1.51 1.64 1.54 1.51 1.59
# wt_pop mackerel
0 0.1 0.1276 0.4205 0.6598 0.7557 0.7941 0.8095 0.8157 0.8181 0.8191 0.8195 0.8197 0.8197 0.8198 0.8198
# wt_pop cod
0 0.1 0.3 0.6 1.5 2.6 3.5 5.1 6.8 7.5 8.2 8.4 9.9
# maturity (pollock Table 1A.13 2003 SAFE)
0 0.0000 0.0080 0.2890 0.6410 0.8420 0.9010 0.9470 0.9630 0.9700 0.9780 0.9840 0.9900 1.0000 1.0000 1.0000
# maturity (mackerel Table 15.7 2003 SAFE)
0 0 0.0370 0.2240 0.6880 0.9440 0.9920 0.9990 1.0000 1.0000 1.0000 1.0000 1.0000 1.0000 1.0000 1.0000
# maturity (cod interpolated from length-at-age and maturity-at-length)
0 0.001 0.005 0.019 0.09 0.3 0.514 0.75 0.88 0.92 0.94 0.95 0.97

3 #spawnmo (pollock MODELA10_A.DAT)
8 #spawnmo (mackerel ATKA03.DAT)
2 #spawnmo (cod winter spawner)
# al_key pollock
0.0023 0.9953 0.0023 0 0 0 0 0 0 0 0 0 0 0 0 0
0 2e-04 0.1402 0.7772 0.0823 1e-04 0 0 0 0 0 0 0 0 0 0
0 0 0 7e-04 0.0522 0.4368 0.4516 0.0579 8e-04 0 0 0 0 0 0 0
0 0 0 0 5e-04 0.0137 0.1177 0.3506 0.3659 0.1338 0.017 7e-04 0 0 0 0
0 0 0 0 0 0 0.0032 0.0683 0.3477 0.4355 0.135 0.0101 2e-04 0 0 0
0 0 0 0 0 0 0.001 0.0208 0.1485 0.3743 0.3359 0.1071 0.012 5e-04 0 0
0 0 0 0 0 0 0.0014 0.0188 0.1115 0.2938 0.3456 0.1816 0.0425 0.0044 2e-04 0
0 0 0 0 0 0 0 0.0018 0.0279 0.1632 0.3669 0.3189 0.107 0.0137 7e-04 0
0 0 0 0 0 0 0 3e-04 0.0102 0.1141 0.3776 0.3755 0.1122 0.0099 2e-04 0
0 0 0 0 0 0 0 3e-04 0.0073 0.0672 0.2499 0.3777 0.233 0.0584 0.0059 2e-04
0 0 0 0 0 0 0 0 0.001 0.0245 0.1821 0.4188 0.3014 0.0675 0.0046 1e-04
0 0 0 0 0 0 0 3e-04 0.0053 0.0419 0.1639 0.315 0.2984 0.1393 0.032 0.0038
0 0 0 0 0 0 0 0 2e-04 0.0086 0.1022 0.3614 0.3881 0.1267 0.0124 4e-04
0 0 0 0 0 0 0 1e-04 0.0025 0.0245 0.1178 0.2789 0.326 0.1883 0.0537 0.0081
0 0 0 0 0 0 0 0 3e-04 0.0105 0.1121 0.367 0.3766 0.1211 0.012 4e-04
0 0 0 0 0 0 0 2e-04 0.0027 0.025 0.1155 0.2704 0.3217 0.1946 0.0598 0.01
# al_key atka
0.0296 0.9408 0.0296 0 0 0 0 0 0 0 0 0 0
0 6e-04 0.0198 0.18 0.4419 0.2994 0.0555 0.0027 0 0 0 0 0
0 0 0 0 0.0164 0.5035 0.4673 0.0128 0 0 0 0 0
0 0 0 0 0.0033 0.1587 0.6095 0.2218 0.0067 0 0 0 0
0 0 0 0 0 0.0021 0.1815 0.6734 0.1418 0.0012 0 0 0
0 0 0 0 2e-04 0.0082 0.1083 0.3862 0.3832 0.1058 0.0079 2e-04 0
0 0 0 0 1e-04 0.0048 0.0729 0.3221 0.4194 0.1619 0.0182 6e-04 0
0 0 0 0 1e-04 0.003 0.0515 0.2676 0.4292 0.2142 0.0329 0.0015 0
0 0 0 0 0 0.0027 0.0475 0.2556 0.4288 0.2262 0.0372 0.0019 0
0 0 0 0 0 0.0027 0.0475 0.2556 0.4288 0.2262 0.0372 0.0019 0
0 0 0 0 0 0.0027 0.0475 0.2556 0.4288 0.2262 0.0372 0.0019 0
0 0 0 0 0 0.0027 0.0475 0.2556 0.4288 0.2262 0.0372 0.0019 0
0 0 0 0 0 0.0027 0.0475 0.2556 0.4288 0.2262 0.0372 0.0019 0
0 0 0 0 0 0.0027 0.0475 0.2556 0.4288 0.2262 0.0372 0.0019 0
0 0 0 0 0 0.0027 0.0475 0.2556 0.4288 0.2262 0.0372 0.0019 0
0 0 0 0 0 0.0027 0.0475 0.2556 0.4288 0.2262 0.0372 0.0019 0
# al_key cod
0.0352 0.9296 0.0352 0 0 0 0 0 0 0 0 0 0 0 0 0 0 0 0 0 0 0 0 0
0 0.005 0.1215 0.4859 0.3443 0.0424 8e-04 0 0 0 0 0 0 0 0 0 0 0 0 0 0 0 0 0
0 2e-04 0.004 0.0406 0.1805 0.3496 0.2964 0.1098 0.0177 0.0012 0 0 0 0 0 0 0 0 0 0 0 0 0 0
0 0 0 3e-04 0.0079 0.0726 0.2638 0.3812 0.2195 0.0501 0.0045 2e-04 0 0 0 0 0 0 0 0 0 0 0 0
0 0 0 0 0 1e-04 0.0039 0.0473 0.2189 0.3882 0.265 0.0694 0.0069 3e-04 0 0 0 0 0 0 0 0 0 0
0 0 0 0 0 0 0 0 0.0021 0.0457 0.2692 0.4455 0.2091 0.0274 0.001 0 0 0 0 0 0 0 0 0
0 0 0 0 0 0 0 0 0 0 0.0034 0.0849 0.4117 0.4117 0.0849 0.0034 0 0 0 0 0 0 0 0
0 0 0 0 0 0 0 0 0 0 0 6e-04 0.0222 0.2039 0.4648 0.2685 0.0387 0.0013 0 0 0 0 0 0
0 0 0 0 0 0 0 0 0 0 0 2e-04 0.0045 0.043 0.1816 0.344 0.2933 0.1124 0.0193 0.0015 0 0 0 0
0 0 0 0 0 0 0 0 0 0 1e-04 0.0013 0.0093 0.0416 0.1196 0.2214 0.2639 0.2028 0.1004 0.032 0.0066 9e-04 1e-04 0
0 0 0 0 0 0 0 0 0 0 0 0 5e-04 0.0074 0.0525 0.1848 0.3232 0.2811 0.1215 0.026 0.0028 1e-04 0 0
0 0 0 0 0 0 0 0 0 0 0 2e-04 0.002 0.013 0.0533 0.1402 0.2375 0.2593 0.1825 0.0827 0.0241 0.0045 5e-04 0
0 0 0 0 0 0 0 0 0 0 0 1e-04 8e-04 0.0059 0.0277 0.0867 0.1805 0.25 0.2304 0.1414 0.0577 0.0157 0.0028 4e-04
# pred_l_bin pollock
2.5 7.5 12.5 17.5 22.5 27.5 32.5 37.5 42.5 47.5 52.5 57.5 62.5 67.5 72.5 77.5
# pred_l_bin mackerel
2.5 7.5 12.5 17.5 22.5 27.5 32.5 37.5 42.5 47.5 52.5 57.5 62.5
# pred_l_bin cod
2.5 7.5 12.5 17.5 22.5 27.5 32.5 37.5 42.5 47.5 52.5 57.5 62.5 67.5 72.5 77.5 82.5 87.5 92.5 97.5 102.5 107.5 112.5 117.5
# omega_vB pollock
0 0.012217048 0.010854429 0.010087998 0.009625054 0.009333299 0.009144485 0.009020184 0.008937431 0.008881925 0.008844509 0.008819202 0.008802046 0.008790398 0.008782481 0.00878
# omega_vB mackerel
0 0.02749201 0.02389821 0.02276911 0.02236821 0.0222198 0.02216401 0.02214292 0.02213493 0.0221319 0.02213075 0.02213032 0.02213015 0.02213009 0.02213007 0.022
# omega_vB cod
0 0.017699088 0.012982752 0.010922589 0.009819646 0.009164612 0.008751405 0.008480754 0.008299083 0.008175127 0.008089603 0.008030141 0.008
 # omega_sigma
5e-04 5e-04 5e-04
 # nyrs_stomwts
17 11 20
 # nyrs_stomlns
8 3 1 3 1 1 13 15 4
# yrs_stomwts
1982 1983 1986 1987 1988 1990 1991 1992 1993 1994 1995 1996 1997 2000 2001 2002 2003
1986 1987 1988 1990 1991 1994 1997 1999 2000 2001 2002
1983 1984 1985 1986 1987 1988 1990 1991 1992 1993 1994 1995 1996 1997 1998 1999 2000 2001 2002 2003
# yrs_stomlns
1986 1987 1988 1990 1991 1994 2001 2003
1994 2000 2002
1991
1986 1987 1991
2001
1994
1985 1986 1987 1988 1990 1991 1993 1994 1997 1998 2000 2002 2003
1985 1986 1987 1990 1991 1993 1994 1995 1996 1997 1998 2000 2001 2002 2003
1985 1987 1991 1994
# stoms_wt pollock
0 0 0 0 0 0 0 0 0 0 0 0 0 0 0 0 0
0 0 0 0 0 0 0 0 0 0 0 0 0 0 0 4 0
0 0 0 0 0 0 0 0 0 13 0 0 20 106 23 69 0
0 0 0 0 0 0 128 0 0 234 0 0 108 70 19 51 3
0 0 0 4 0 0 0 0 0 0 0 0 50 0 47 2 15
0 0 0 1 0 0 68 0 0 62 3 0 34 44 21 46 9
0 0 1 4 9 0 235 0 0 30 0 0 56 28 11 40 18
9 105 30 17 11 61 287 2 0 97 14 0 23 60 4 56 16
8 0 153 188 14 85 400 0 0 166 8 0 46 112 13 109 8
0 28 211 342 95 78 706 2 14 431 1 1 152 226 8 205 6
10 46 86 342 71 99 574 14 31 397 8 2 233 334 4 250 8
0 32 14 104 14 45 245 17 21 305 4 0 221 392 6 295 7
0 29 2 10 3 4 56 2 3 92 4 0 70 176 0 170 1
0 11 0 1 0 0 20 0 2 24 0 0 3 28 0 32 0
0 0 0 0 0 0 0 0 0 1 0 0 0 0 0 0 0
0 0 0 0 0 0 0 0 0 0 0 0 0 0 0 0 0
# stoms_wt mackerel
0 0 0 0 0 0 0 0 0 0 0
0 0 0 0 0 0 0 0 0 0 0
0 0 0 1 0 0 0 0 15 0 0
0 0 0 0 0 5 0 0 83 0 9
0 1 0 0 56 17 29 0 94 4 48
2 76 5 0 323 43 38 0 59 11 261
10 127 55 0 555 245 164 0 254 203 416
21 519 22 21 540 571 445 893 701 130 548
45 472 13 42 32 245 136 2317 352 181 295
1 10 0 12 0 46 14 150 30 32 9
0 3 0 0 0 0 0 0 11 0 0
0 0 0 0 0 0 0 0 0 0 0
0 0 0 0 0 0 0 0 0 0 0
# stoms_wt cod
0 0 0 0 0 0 0 0 0 0 0 0 0 0 0 0 0 0 0 0
0 0 0 0 0 0 0 0 0 0 0 0 0 0 0 0 0 0 0 0
0 0 0 0 0 0 0 4 0 0 13 0 0 0 0 0 1 0 0 0
0 0 0 0 0 0 0 49 0 0 82 0 0 8 0 0 9 0 0 0
0 0 2 0 0 0 0 43 0 0 19 0 0 33 0 0 17 0 5 0
0 0 0 0 0 0 0 11 0 0 7 0 0 0 0 13 33 0 3 0
0 0 18 0 0 0 0 185 0 0 57 4 0 24 0 4 71 0 57 0
0 0 30 1 0 0 5 290 0 3 170 0 2 97 0 3 49 0 108 0
0 0 30 41 40 23 1 338 6 19 162 3 0 51 0 22 103 0 81 0
0 27 60 98 83 30 16 375 13 68 278 4 20 89 0 14 200 2 233 7
0 21 29 45 88 21 20 251 6 25 256 1 9 208 3 9 156 0 185 6
0 3 48 27 80 0 35 373 8 45 154 2 5 282 2 6 287 6 204 7
0 5 52 26 61 0 24 480 3 17 117 7 7 354 2 4 423 9 129 11
0 3 35 37 46 0 32 288 9 6 134 2 13 236 9 4 306 39 123 30
3 1 28 42 38 0 3 182 10 11 85 2 12 84 6 0 214 23 88 23
5 2 14 42 40 0 11 140 4 15 21 2 8 27 3 1 130 37 159 23
0 4 13 17 33 8 7 61 6 25 36 3 9 28 13 3 73 21 113 11
4 3 7 19 20 0 9 39 0 3 26 1 1 10 10 4 56 8 58 10
0 3 6 14 17 0 5 12 1 0 7 4 3 7 11 4 47 9 42 6
0 1 0 4 5 4 4 10 1 8 3 1 1 15 6 2 6 4 17 1
0 0 0 0 5 0 0 1 1 3 4 0 0 0 9 0 9 2 7 0
0 2 1 0 0 0 0 4 0 0 3 0 3 2 7 0 0 0 0 0
0 0 0 0 0 2 0 0 0 0 0 0 0 0 6 0 6 0 2 0
0 0 0 0 0 0 0 0 0 0 0 0 0 0 0 0 0 0 0 0
# stoms_ln_prey pollpoll
0 0 0 0 0 0 0 0
0 0 0 0 0 0 0 0
0 0 0 0 0 0 0 0
0 0 0 0 0 0 0 0
0 0 0 0 0 0 0 0
0 0 0 0 0 0 3 0
0 0 0 0 0 0 0 0
4 0 0 0 0 0 0 2
13 5 1 0 0 0 3 6
61 12 0 0 0 4 2 0
43 3 3 1 1 2 3 1
4 3 0 1 3 4 3 1
2 3 0 1 0 6 0 0
0 0 0 0 0 2 0 0
0 0 0 0 0 0 0 0
0 0 0 0 0 0 0 0
# stoms_ln_prey pollmack
0 0 0
0 0 0
0 0 0
0 0 0
0 0 0
0 0 0
0 0 0
0 0 0
0 0 0
0 0 0
1 0 1
0 0 0
0 0 1
1 0 1
0 0 0
0 0 0
# stoms_ln_prey pollcod
0
0
0
0
0
0
0
0
0
0
0
1
0
0
0
0
# stoms_ln_prey mackpoll
0 0 0
0 0 0
0 0 0
0 0 0
0 0 0
0 0 1
3 2 1
31 0 7
42 0 2
0 0 0
0 0 0
0 0 0
0 0 0
# stoms_ln_prey mackmack
0
0
0
0
0
0
0
0
1
0
0
0
0
# stoms_ln_prey mackcod
0
0
0
0
0
0
0
1
0
0
0
0
0
# stoms_ln_prey codpoll
0 0 0 0 0 0 0 0 0 0 0 0 0
0 0 0 0 0 0 0 0 0 0 0 0 0
0 0 0 0 0 0 0 0 0 0 0 0 0
0 0 0 0 0 0 0 0 0 0 0 0 0
0 0 0 0 0 0 0 0 0 0 0 0 0
0 0 0 0 0 0 0 0 0 0 0 0 0
0 0 0 0 0 0 0 0 0 0 0 0 0
0 0 0 0 0 0 0 0 0 0 0 0 0
0 0 1 0 0 0 0 0 0 0 0 0 0
0 0 0 0 0 0 1 0 0 0 0 0 0
0 0 0 0 0 0 0 0 0 0 0 0 0
0 0 0 0 0 0 1 0 0 0 0 0 0
0 0 0 0 0 4 0 0 4 0 1 1 0
0 0 0 0 0 4 0 9 1 0 1 0 1
0 2 0 0 0 4 3 2 1 0 0 0 1
0 2 2 0 0 5 0 3 1 0 0 0 1
0 0 0 3 0 1 1 2 1 0 0 0 2
0 0 0 0 0 3 0 4 0 0 0 6 1
0 1 2 0 1 2 0 2 0 0 0 0 2
0 0 1 0 1 2 1 0 1 1 0 0 0
0 0 0 0 0 0 0 0 0 0 0 0 0
1 0 0 0 0 0 0 0 0 0 0 0 0
0 0 0 1 0 0 0 0 0 0 0 0 0
0 0 0 0 0 0 0 0 0 0 0 0 0
# stoms_ln_prey codmack
0 0 0 0 0 0 0 0 0 0 0 0 0 0 0
0 0 0 0 0 0 0 0 0 0 0 0 0 0 0
0 0 0 0 0 0 0 0 0 0 0 0 0 0 0
0 0 0 0 0 0 0 0 0 0 0 0 0 0 0
0 0 0 0 0 0 0 0 0 0 0 0 0 0 0
0 0 0 0 0 0 0 0 0 0 0 0 0 0 0
0 0 0 0 0 0 0 0 0 0 0 0 0 0 0
0 0 0 0 0 0 0 0 0 0 0 0 0 0 0
0 0 0 0 0 0 1 0 0 1 0 0 0 0 0
1 0 0 0 1 0 0 0 0 0 0 1 0 1 0
0 0 0 2 1 0 0 0 0 0 0 4 0 0 0
1 1 2 1 2 0 4 0 0 2 0 12 0 4 0
8 0 1 0 2 0 1 0 0 4 0 11 0 0 0
2 0 1 2 7 0 5 1 0 1 0 14 3 2 0
1 0 2 0 5 0 1 0 1 1 0 16 0 10 0
2 1 6 0 5 0 2 0 1 0 0 26 5 10 1
1 1 0 1 4 0 7 1 0 0 2 7 5 16 0
3 1 0 0 1 0 14 0 0 0 0 1 5 9 0
0 3 1 1 4 0 1 1 0 0 1 2 2 13 0
0 1 2 0 0 1 6 0 0 0 0 3 2 7 0
0 0 1 0 1 0 3 0 0 0 0 0 3 3 0
0 0 0 0 0 0 0 0 0 0 2 0 0 0 0
0 0 0 0 0 0 0 0 0 0 0 2 0 0 0
0 0 0 0 0 0 0 0 0 0 0 0 0 0 0
# stoms_ln_prey codcod
0 0 0 0
0 0 0 0
0 0 0 0
0 0 0 0
0 0 0 0
0 0 0 0
0 0 0 0
0 0 0 0
0 0 0 1
0 1 0 0
0 2 0 0
0 0 0 0
0 0 1 0
0 0 0 0
0 0 0 0
0 0 1 0
0 0 0 0
1 0 0 0
0 0 0 0
0 0 0 0
0 0 0 0
0 0 0 0
0 0 0 0
0 0 0 0
 # min_SS_w
0 0 0
 # max_SS_w
2000 2000 2000
 # min_SS_l
0 0 0 0 0 0 0 0 0
 # max_SS_l
2000 2000 2000 2000 2000 2000 2000 2000 2000
 # i_wt_yrs_all
17 17 17 17 11 11 11 11 20 20 20 20
# diet_w_dat poll_poll
0 0 0 0 0 0 0 0 0 0 0 0 0 0 0 0 0
0 0 0 0 0 0 0 0 0 0 0 0 0 0 0 0 0
0 0 0 0 0 0 0 0 0 0 0 0 0 0 0 0 0
0 0 0 0 0 0 0 0 0 0 0 0 0 0 0 0 0
0 0 0 0 0 0 0 0 0 0 0 0 0 0 0 0 0
0 0 0 0 0 0 0 0 0 0 0 0 0 0 0 0 0.222222222222222
0 0 0 0 0 0 0 0 0 0 0 0 0 0 0 0 0.0555555555555556
0 0.0380952380952381 0 0 0.181818181818182 0 0.0104529616724739 0 0 0 0 0 0 0 0 0 0.25
0 0 0.0915032679738562 0.0531914893617021 0.0714285714285714 0 0.015 0 0 0.0120481927710843 0 0 0 0 0 0 0.25
0 0.0714285714285714 0.104265402843602 0.0789473684210526 0.0315789473684211 0.0128205128205128 0.0254957507082153 0 0.0714285714285714 0.0162412993039443 0 0 0.00657894736842105 0.00442477876106195 0 0 0.166666666666667
0 0.0869565217391304 0.13953488372093 0.0964912280701754 0.140845070422535 0.0404040404040404 0.0365853658536585 0 0.032258064516129 0.035264483627204 0 0 0.00858369098712446 0 0 0.012 0.25
0 0.15625 0.142857142857143 0.115384615384615 0 0.0444444444444444 0.0897959183673469 0.117647058823529 0 0.0262295081967213 0 0 0.0180995475113122 0.00255102040816327 0 0.0101694915254237 0.142857142857143
0 0 0 0.3 0 0 0.0892857142857143 0.5 0 0.0760869565217391 0 0 0.0428571428571429 0.0113636363636364 0 0.00588235294117647 0
0 0.272727272727273 0 1 0 0 0.1 0 0 0.0416666666666667 0 0 0 0 0 0.03125 0
0 0 0 0 0 0 0 0 0 0 0 0 0 0 0 0 0
0 0 0 0 0 0 0 0 0 0 0 0 0 0 0 0 0
# diet_w_dat poll_mack
0 0 0 0 0 0 0 0 0 0 0 0 0 0 0 0 0
0 0 0 0 0 0 0 0 0 0 0 0 0 0 0 0 0
0 0 0 0 0 0 0 0 0 0 0 0 0 0 0 0 0
0 0 0 0 0 0 0 0 0 0 0 0 0 0 0 0 0
0 0 0 0 0 0 0 0 0 0 0 0 0 0 0 0 0
0 0 0 0 0 0 0 0 0 0 0 0 0 0 0 0.0434782608695652 0
0 0 0 0 0 0 0.00425531914893617 0 0 0 0 0 0 0 0 0 0.0555555555555556
0 0 0.0333333333333333 0 0 0 0.00696864111498258 0 0 0 0 0 0 0 0 0 0
0 0 0.0130718954248366 0.0159574468085106 0 0 0.0025 0 0 0 0 0 0 0 0 0 0
0 0 0.004739336492891 0.0087719298245614 0.0210526315789474 0 0.0056657223796034 0 0 0 0 0 0 0.0176991150442478 0 0 0
0 0 0 0.0146198830409357 0.0140845070422535 0 0.00696864111498258 0 0 0.00503778337531486 0 0 0 0.00598802395209581 0 0.004 0
0 0 0 0.0192307692307692 0 0 0.00408163265306122 0 0.0476190476190476 0.0131147540983607 0 0 0.00452488687782805 0.00510204081632653 0 0 0
0 0.0344827586206897 0 0 0.333333333333333 0 0 0 0 0.0217391304347826 0 0 0 0.00568181818181818 0 0 0
0 0 0 0 0 0 0.05 0 0 0 0 0 0 0 0 0 0
0 0 0 0 0 0 0 0 0 0 0 0 0 0 0 0 0
0 0 0 0 0 0 0 0 0 0 0 0 0 0 0 0 0
# diet_w_dat poll_cod
0 0 0 0 0 0 0 0 0 0 0 0 0 0 0 0 0
0 0 0 0 0 0 0 0 0 0 0 0 0 0 0 0 0
0 0 0 0 0 0 0 0 0 0 0 0 0 0 0 0 0
0 0 0 0 0 0 0 0 0 0 0 0 0 0 0 0 0
0 0 0 0 0 0 0 0 0 0 0 0 0 0 0 0 0
0 0 0 0 0 0 0 0 0 0 0 0 0 0 0 0 0
0 0 0 0 0 0 0 0 0 0 0 0 0 0 0 0 0
0 0 0 0 0 0 0 0 0 0 0 0 0 0 0 0 0
0 0 0 0 0 0 0 0 0 0 0 0 0 0 0 0 0
0 0 0 0 0 0 0 0 0 0 0 0 0 0 0 0 0
0 0 0 0 0 0 0 0 0 0 0 0 0 0 0 0 0
0 0 0 0 0 0 0 0 0 0 0 0 0 0 0 0 0
0 0 0 0 0 0 0 0 0 0 0 0 0 0 0 0 0
0 0 0 0 0 0 0 0 0 0 0 0 0 0 0 0 0
0 0 0 0 0 0 0 0 0 0 0 0 0 0 0 0 0
0 0 0 0 0 0 0 0 0 0 0 0 0 0 0 0 0
# diet_w_dat poll_other
0 0 0 0 0 0 0 0 0 0 0 0 0 0 0 0 0
0 0 0 0 0 0 0 0 0 0 0 0 0 0 0 1 0
0 0 0 0 0 0 0 0 0 1 0 0 1 1 1 1 0
0 0 0 0 0 0 1 0 0 1 0 0 1 1 1 1 1
0 0 0 1 0 0 0 0 0 0 0 0 1 0 1 1 1
0 0 0 1 0 0 1 0 0 1 1 0 1 1 1 0.956521739130435 0.777777777777778
0 0 1 1 1 0 0.995744680851064 0 0 1 0 0 1 1 1 1 0.888888888888889
1 0.961904761904762 0.966666666666667 1 0.818181818181818 1 0.982578397212544 1 0 1 1 0 1 1 1 1 0.75
1 0 0.895424836601307 0.930851063829787 0.928571428571429 1 0.9825 0 0 0.987951807228916 1 0 1 1 1 1 0.75
0 0.928571428571429 0.890995260663507 0.912280701754386 0.947368421052632 0.987179487179487 0.968838526912181 1 0.928571428571429 0.983758700696056 1 1 0.993421052631579 0.97787610619469 1 1 0.833333333333333
1 0.91304347826087 0.86046511627907 0.888888888888889 0.845070422535211 0.95959595959596 0.956445993031359 1 0.967741935483871 0.959697732997481 1 1 0.991416309012876 0.994011976047904 1 0.984 0.75
0 0.84375 0.857142857142857 0.865384615384615 1 0.955555555555556 0.906122448979592 0.882352941176471 0.952380952380952 0.960655737704918 1 0 0.97737556561086 0.99234693877551 1 0.989830508474576 0.857142857142857
0 0.96551724137931 1 0.7 0.666666666666667 1 0.910714285714286 0.5 1 0.902173913043478 1 0 0.957142857142857 0.982954545454545 0 0.994117647058824 1
0 0.727272727272727 0 0 0 0 0.85 0 1 0.958333333333333 0 0 1 1 0 0.96875 0
0 0 0 0 0 0 0 0 0 1 0 0 0 0 0 0 0
0 0 0 0 0 0 0 0 0 0 0 0 0 0 0 0 0
# diet_w_dat mack_poll
0 0 0 0 0 0 0 0 0 0 0
0 0 0 0 0 0 0 0 0 0 0
0 0 0 0 0 0 0 0 0 0 0
0 0 0 0 0 0 0 0 0 0 0
0 0 0 0 0 0 0 0 0 0 0
0 0 0 0 0.0123839009287926 0 0 0 0.0169491525423729 0 0
0 0.0078740157480315 0 0 0.00540540540540541 0.00408163265306122 0.00609756097560976 0 0.00393700787401575 0.00985221674876847 0
0 0.00578034682080925 0.0454545454545455 0 0.0111111111111111 0.00700525394045534 0.0112359550561798 0.00335946248600224 0.00427960057061341 0.0230769230769231 0.00182481751824818
0 0.0127118644067797 0 0 0.03125 0.0285714285714286 0.0147058823529412 0.0045 0.00568181818181818 0 0
0 0.1 0 0.0833333333333333 0 0.0217391304347826 0 0 0 0 0
0 0.333333333333333 0 0 0 0 0 0 0.0909090909090909 0 0
0 0 0 0 0 0 0 0 0 0 0
0 0 0 0 0 0 0 0 0 0 0
# diet_w_dat mack_mack
0 0 0 0 0 0 0 0 0 0 0
0 0 0 0 0 0 0 0 0 0 0
0 0 0 0 0 0 0 0 0 0 0
0 0 0 0 0 0 0 0 0 0 0
0 0 0 0 0 0 0 0 0 0 0
0 0 0 0 0 0 0 0 0 0 0
0 0 0 0 0.0018018018018018 0 0 0 0.00393700787401575 0 0.00240384615384615
0 0.00192678227360308 0 0 0.0037037037037037 0.00350262697022767 0.00674157303370787 0.00223964165733483 0.00713266761768902 0 0.0072992700729927
0 0.00635593220338983 0 0 0 0.0163265306122449 0.0147058823529412 0.0055 0.0170454545454545 0.0165745856353591 0.0169491525423729
0 0 0 0 0 0 0 0.00666666666666667 0.0666666666666667 0 0
0 0 0 0 0 0 0 0 0 0 0
0 0 0 0 0 0 0 0 0 0 0
0 0 0 0 0 0 0 0 0 0 0
# diet_w_dat mack_cod
0 0 0 0 0 0 0 0 0 0 0
0 0 0 0 0 0 0 0 0 0 0
0 0 0 0 0 0 0 0 0 0 0
0 0 0 0 0 0 0 0 0 0 0
0 0 0 0 0 0 0 0 0 0 0
0 0 0 0 0 0 0 0 0 0 0
0 0 0 0 0 0 0 0 0 0 0
0 0 0 0 0 0 0 0.00111982082866741 0 0 0
0 0 0 0 0 0 0 0 0 0 0
0 0 0 0 0 0 0 0 0 0 0
0 0 0 0 0 0 0 0 0 0 0
0 0 0 0 0 0 0 0 0 0 0
0 0 0 0 0 0 0 0 0 0 0
# diet_w_dat mack_other
0 0 0 0 0 0 0 0 0 0 0
0 0 0 0 0 0 0 0 0 0 0
0 0 0 1 0 0 0 0 1 0 0
0 0 0 0 0 1 0 0 1 0 1
0 1 0 0 1 1 1 0 1 1 1
1 1 1 0 0.987616099071207 1 1 0 0.983050847457627 1 1
1 0.992125984251969 1 0 0.992792792792793 0.995918367346939 0.99390243902439 0 0.992125984251969 0.990147783251232 0.997596153846154
1 0.992292870905588 0.954545454545455 1 0.985185185185185 0.989492119089317 0.982022471910112 0.993281075027996 0.988587731811698 0.976923076923077 0.990875912408759
1 0.980932203389831 1 1 0.96875 0.955102040816327 0.970588235294118 0.99 0.977272727272727 0.983425414364641 0.983050847457627
1 0.9 0 0.916666666666667 0 0.978260869565217 1 0.993333333333333 0.933333333333333 1 1
0 0.666666666666667 0 0 0 0 0 0 0.909090909090909 0 0
0 0 0 0 0 0 0 0 0 0 0
0 0 0 0 0 0 0 0 0 0 0
# diet_w_dat cod_poll
0 0 0 0 0 0 0 0 0 0 0 0 0 0 0 0 0 0 0 0
0 0 0 0 0 0 0 0 0 0 0 0 0 0 0 0 0 0 0 0
0 0 0 0 0 0 0 0 0 0 0 0 0 0 0 0 0 0 0 0
0 0 0 0 0 0 0 0 0 0 0 0 0 0 0 0 0 0 0 0
0 0 0 0 0 0 0 0 0 0 0 0 0 0 0 0 0 0 0 0
0 0 0 0 0 0 0 0 0 0 0 0 0 0 0 0 0 0 0 0
0 0 0 0 0 0 0 0 0 0 0 0 0 0 0 0 0 0 0 0
0 0 0 0 0 0 0 0 0 0 0.00588235294117647 0 0 0 0 0 0 0 0 0
0 0 0 0 0.025 0 0 0.0118343195266272 0 0 0.0185185185185185 0 0 0 0 0 0 0 0 0
0 0.037037037037037 0 0.0102040816326531 0.0240963855421687 0 0 0.0133333333333333 0.0769230769230769 0.0147058823529412 0.0179856115107914 0 0 0 0 0 0.015 0 0.00858369098712446 0
0 0 0.0344827586206897 0.0444444444444444 0.0227272727272727 0 0 0.0318725099601594 0 0.04 0.03125 0 0 0.00480769230769231 0 0 0 0 0.00540540540540541 0.166666666666667
0 0.333333333333333 0.0833333333333333 0.0740740740740741 0.0125 0 0.0571428571428571 0.032171581769437 0 0 0.0324675324675325 0 0 0.0212765957446809 0 0 0.024390243902439 0 0.00490196078431373 0.142857142857143
0 0 0.0769230769230769 0.230769230769231 0.0163934426229508 0 0.0833333333333333 0.0583333333333333 0 0 0.0854700854700855 0 0.285714285714286 0.0480225988700565 0 0 0.0260047281323877 0 0.00775193798449612 0.272727272727273
0 0 0.142857142857143 0 0.173913043478261 0 0.125 0.128472222222222 0.111111111111111 0.166666666666667 0.0746268656716418 0 0 0.0720338983050847 0.111111111111111 0 0.0196078431372549 0.0256410256410256 0.00813008130081301 0.0666666666666667
0 0 0.357142857142857 0.142857142857143 0.0789473684210526 0 0.666666666666667 0.164835164835165 0 0.181818181818182 0.0941176470588235 0 0.0833333333333333 0.0833333333333333 0 0 0.0280373831775701 0 0.0568181818181818 0.130434782608696
0 0 0.142857142857143 0.214285714285714 0.325 0 0.272727272727273 0.121428571428571 0 0.0666666666666667 0.142857142857143 0 0.125 0.0740740740740741 0 0 0.0692307692307692 0.027027027027027 0.0817610062893082 0.130434782608696
0 0.5 0.153846153846154 0.176470588235294 0.303030303030303 0.25 0.428571428571429 0.295081967213115 0.333333333333333 0.16 0.0555555555555556 0.666666666666667 0 0.142857142857143 0 0 0.0273972602739726 0.0952380952380952 0.132743362831858 0.0909090909090909
0.25 0.333333333333333 0.142857142857143 0.368421052631579 0.25 0 0.333333333333333 0.230769230769231 0 0 0.192307692307692 1 0 0.2 0.1 0 0.0357142857142857 0 0.0862068965517241 0.3
0 0 0.333333333333333 0.214285714285714 0.117647058823529 0 0.2 0.0833333333333333 0 0 0.142857142857143 0.25 0 0 0.0909090909090909 0 0.0638297872340425 0.111111111111111 0.119047619047619 0.166666666666667
0 1 0 0.5 0.4 0.25 0.25 0.5 0 0.125 0 0 0 0.2 0.166666666666667 0 0 0.25 0.176470588235294 0
0 0 0 0 0.2 0 0 0 0 0 0 0 0 0 0.111111111111111 0 0 0 0 0
0 0.5 0 0 0 0 0 0.5 0 0 0 0 0.333333333333333 1 0.142857142857143 0 0 0 0 0
0 0 0 0 0 0.5 0 0 0 0 0 0 0 0 0 0 0 0 0.5 0
0 0 0 0 0 0 0 0 0 0 0 0 0 0 0 0 0 0 0 0
# diet_w_dat cod_mack
0 0 0 0 0 0 0 0 0 0 0 0 0 0 0 0 0 0 0 0
0 0 0 0 0 0 0 0 0 0 0 0 0 0 0 0 0 0 0 0
0 0 0 0 0 0 0 0 0 0 0 0 0 0 0 0 0 0 0 0
0 0 0 0 0 0 0 0 0 0 0 0 0 0 0 0 0 0 0 0
0 0 0 0 0 0 0 0 0 0 0 0 0 0 0 0 0 0 0 0
0 0 0 0 0 0 0 0 0 0 0 0 0 0 0 0 0 0 0 0
0 0 0 0 0 0 0 0.00540540540540541 0 0 0 0 0 0 0 0 0 0 0 0
0 0 0 0 0 0 0 0.0103448275862069 0 0 0.0117647058823529 0 0 0.0103092783505155 0 0 0.0408163265306122 0 0 0
0 0 0 0.024390243902439 0.025 0.130434782608696 0 0.0355029585798817 0 0 0.0555555555555556 0 0 0 0 0.0454545454545455 0.135922330097087 0 0.0123456790123457 0
0 0.111111111111111 0.0333333333333333 0.0714285714285714 0.0481927710843374 0.1 0.125 0.0666666666666667 0.0769230769230769 0.117647058823529 0.0611510791366906 0 0 0.0337078651685393 0 0 0.22 0 0.0686695278969957 0
0 0.0476190476190476 0.137931034482759 0.0444444444444444 0.0454545454545455 0 0.25 0.0637450199203187 0 0.2 0.109375 0 0.222222222222222 0.0528846153846154 0.333333333333333 0.111111111111111 0.371794871794872 0 0.108108108108108 0
0 0 0.104166666666667 0.185185185185185 0.175 0 0.228571428571429 0.155495978552279 0.125 0.177777777777778 0.149350649350649 0.5 0 0.074468085106383 0 0.166666666666667 0.40418118466899 0.166666666666667 0.147058823529412 0
0 0.4 0.173076923076923 0.153846153846154 0.262295081967213 0 0.208333333333333 0.191666666666667 0 0.294117647058824 0.222222222222222 0.142857142857143 0.142857142857143 0.115819209039548 0 0 0.399527186761229 0.333333333333333 0.170542635658915 0
0 0 0.142857142857143 0.27027027027027 0.173913043478261 0 0.15625 0.232638888888889 0.222222222222222 0 0.208955223880597 0 0.384615384615385 0.216101694915254 0.222222222222222 0.5 0.366013071895425 0.461538461538462 0.349593495934959 0.2
0 0 0.107142857142857 0.238095238095238 0.289473684210526 0 0 0.274725274725275 0.2 0.454545454545455 0.294117647058824 0.5 0.25 0.202380952380952 0.333333333333333 0 0.448598130841121 0.434782608695652 0.488636363636364 0.391304347826087
0 0 0.357142857142857 0.166666666666667 0.25 0 0.181818181818182 0.342857142857143 0.75 0.466666666666667 0.285714285714286 0 0 0.296296296296296 0.333333333333333 0 0.438461538461538 0.351351351351351 0.433962264150943 0.434782608695652
0 0 0.384615384615385 0.176470588235294 0.272727272727273 0.25 0 0.262295081967213 0.166666666666667 0.52 0.361111111111111 0 0.555555555555556 0.321428571428571 0.307692307692308 0.666666666666667 0.356164383561644 0.428571428571429 0.451327433628319 0.545454545454545
0.25 0 0.142857142857143 0.105263157894737 0.35 0 0.222222222222222 0.384615384615385 0 0.666666666666667 0.307692307692308 0 0 0.1 0.7 0.25 0.410714285714286 0.5 0.586206896551724 0.5
0 0.666666666666667 0 0.142857142857143 0.411764705882353 0 0.6 0.416666666666667 1 0 0.857142857142857 0.5 0.333333333333333 0.714285714285714 0.454545454545455 0.25 0.361702127659574 0.444444444444444 0.571428571428571 0.833333333333333
0 0 0 0.25 0 0.5 0.5 0.4 1 0.375 0.333333333333333 1 1 0.333333333333333 0.166666666666667 1 0 0.75 0.764705882352941 1
0 0 0 0 0 0 0 0 1 0 0.75 0 0 0 0.222222222222222 0 0.555555555555556 0 0.714285714285714 0
0 0.5 0 0 0 0 0 0 0 0 0 0 0 0 0.571428571428571 0 0 0 0 0
0 0 0 0 0 0.5 0 0 0 0 0 0 0 0 0.166666666666667 0 0.333333333333333 0 0.5 0
0 0 0 0 0 0 0 0 0 0 0 0 0 0 0 0 0 0 0 0
# diet_w_dat cod_cod
0 0 0 0 0 0 0 0 0 0 0 0 0 0 0 0 0 0 0 0
0 0 0 0 0 0 0 0 0 0 0 0 0 0 0 0 0 0 0 0
0 0 0 0 0 0 0 0 0 0 0 0 0 0 0 0 0 0 0 0
0 0 0 0 0 0 0 0 0 0 0 0 0 0 0 0 0 0 0 0
0 0 0 0 0 0 0 0 0 0 0 0 0 0 0 0 0 0 0 0
0 0 0 0 0 0 0 0 0 0 0 0 0 0 0 0 0 0 0 0
0 0 0 0 0 0 0 0 0 0 0 0 0 0 0 0 0 0 0 0
0 0 0 0 0 0 0 0 0 0 0 0 0 0 0 0 0 0 0 0
0 0 0 0 0 0 0 0 0 0 0 0 0 0 0 0 0 0 0 0
0 0 0 0 0 0.0333333333333333 0 0 0 0 0 0 0 0 0 0 0 0 0 0
0 0 0.0344827586206897 0 0 0 0 0 0 0 0 0 0.111111111111111 0 0 0 0 0 0 0
0 0 0 0 0 0 0 0 0 0 0 0 0 0 0 0 0 0 0 0
0 0 0 0 0 0 0 0 0 0 0 0 0 0 0 0 0 0 0 0
0 0 0 0.027027027027027 0 0 0 0.00347222222222222 0 0 0 0 0 0 0 0 0 0 0 0
0 0 0 0 0 0 0 0.00549450549450549 0.1 0.0909090909090909 0 0 0.0833333333333333 0 0 0 0.00934579439252336 0 0.0113636363636364 0
0 0 0 0 0 0 0 0.00714285714285714 0 0 0 0 0 0 0 0 0.00769230769230769 0 0.0125786163522013 0
0 0 0 0.0588235294117647 0 0 0 0.0163934426229508 0 0 0 0 0 0 0.0769230769230769 0 0 0 0 0
0 0 0 0.0526315789473684 0 0 0.111111111111111 0 0 0 0 0 0 0 0 0 0 0 0.0172413793103448 0
0 0 0 0.142857142857143 0 0 0 0 0 0 0 0 0 0 0 0 0 0 0 0
0 0 0 0 0 0.25 0 0 0 0.125 0 0 0 0 0 0 0 0 0 0
0 0 0 0 0 0 0 0 0 0 0 0 0 0 0 0 0 0 0 0
0 0 0 0 0 0 0 0 0 0 0 0 0 0 0 0 0 0 0 0
0 0 0 0 0 0 0 0 0 0 0 0 0 0 0 0 0 0 0 0
0 0 0 0 0 0 0 0 0 0 0 0 0 0 0 0 0 0 0 0
# diet_w_dat cod_other
0 0 0 0 0 0 0 0 0 0 0 0 0 0 0 0 0 0 0 0
0 0 0 0 0 0 0 0 0 0 0 0 0 0 0 0 0 0 0 0
0 0 0 0 0 0 0 1 0 0 1 0 0 0 0 0 1 0 0 0
0 0 0 0 0 0 0 1 0 0 1 0 0 1 0 0 1 0 0 0
0 0 1 0 0 0 0 1 0 0 1 0 0 1 0 0 1 0 1 0
0 0 0 0 0 0 0 1 0 0 1 0 0 0 0 1 1 0 1 0
0 0 1 0 0 0 0 0.994594594594595 0 0 1 1 0 1 0 1 1 0 1 0
0 0 1 1 0 0 1 0.989655172413793 0 1 0.982352941176471 0 1 0.989690721649485 0 1 0.959183673469388 0 1 0
0 0 1 0.975609756097561 0.95 0.869565217391304 1 0.952662721893491 1 1 0.925925925925926 1 0 1 0 0.954545454545455 0.864077669902913 0 0.987654320987654 0
0 0.851851851851852 0.966666666666667 0.918367346938776 0.927710843373494 0.866666666666667 0.875 0.92 0.846153846153846 0.867647058823529 0.920863309352518 1 1 0.966292134831461 0 1 0.765 1 0.92274678111588 1
0 0.952380952380952 0.793103448275862 0.911111111111111 0.931818181818182 1 0.75 0.904382470119522 1 0.76 0.859375 1 0.666666666666667 0.942307692307692 0.666666666666667 0.888888888888889 0.628205128205128 0 0.886486486486487 0.833333333333333
0 0.666666666666667 0.8125 0.740740740740741 0.8125 0 0.714285714285714 0.812332439678284 0.875 0.822222222222222 0.818181818181818 0.5 1 0.904255319148936 1 0.833333333333333 0.571428571428571 0.833333333333333 0.848039215686274 0.857142857142857
0 0.6 0.75 0.615384615384615 0.721311475409836 0 0.708333333333333 0.75 1 0.705882352941177 0.692307692307692 0.857142857142857 0.571428571428571 0.836158192090395 1 1 0.574468085106383 0.666666666666667 0.821705426356589 0.727272727272727
0 1 0.714285714285714 0.702702702702703 0.652173913043478 0 0.71875 0.635416666666667 0.666666666666667 0.833333333333333 0.716417910447761 1 0.615384615384615 0.711864406779661 0.666666666666667 0.5 0.61437908496732 0.512820512820513 0.642276422764228 0.733333333333333
1 1 0.535714285714286 0.619047619047619 0.631578947368421 0 0.333333333333333 0.554945054945055 0.7 0.272727272727273 0.611764705882353 0.5 0.583333333333333 0.714285714285714 0.666666666666667 0 0.514018691588785 0.565217391304348 0.443181818181818 0.478260869565217
1 1 0.5 0.619047619047619 0.425 0 0.545454545454545 0.528571428571429 0.25 0.466666666666667 0.571428571428571 1 0.875 0.62962962962963 0.666666666666667 1 0.484615384615385 0.621621621621622 0.471698113207547 0.434782608695652
0 0.5 0.461538461538462 0.588235294117647 0.424242424242424 0.5 0.571428571428571 0.426229508196721 0.5 0.32 0.583333333333333 0.333333333333333 0.444444444444444 0.535714285714286 0.615384615384615 0.333333333333333 0.616438356164384 0.476190476190476 0.415929203539823 0.363636363636364
0.5 0.666666666666667 0.714285714285714 0.473684210526316 0.4 0 0.333333333333333 0.384615384615385 0 0.333333333333333 0.5 0 1 0.7 0.2 0.75 0.553571428571429 0.5 0.310344827586207 0.2
0 0.333333333333333 0.666666666666667 0.5 0.470588235294118 0 0.2 0.5 0 0 0 0.25 0.666666666666667 0.285714285714286 0.454545454545455 0.75 0.574468085106383 0.444444444444444 0.30952380952381 0
0 0 0 0.25 0.6 0 0.25 0.1 0 0.375 0.666666666666667 0 0 0.466666666666667 0.666666666666667 0 1 0 0.0588235294117647 0
0 0 0 0 0.8 0 0 1 0 1 0.25 0 0 0 0.666666666666667 0 0.444444444444444 1 0.285714285714286 0
0 0 1 0 0 0 0 0.5 0 0 1 0 0.666666666666667 0 0.285714285714286 0 0 0 0 0
0 0 0 0 0 0 0 0 0 0 0 0 0 0 0.833333333333333 0 0.666666666666667 0 0 0
0 0 0 0 0 0 0 0 0 0 0 0 0 0 0 0 0 0 0 0
# diet_l_dat 
0 0 0 0 0 0 0 0 0 0 0 0 0 0 0 0
0 0 0 0 0 0 0 0 0 0 0 0 0 0 0 0
0 0 0 0 0 0 0 0 0 0 0 0 0 0 0 0
0 0 0 0 0 0 0 0 0 0 0 0 0 0 0 0
0 0 0 0 0 0 0 0 0 0 0 0 0 0 0 0
0 1 0 0 0 0 0 0 0 0 0 0 0 0 0 0
0 0 0 0 0 0 0 0 0 0 0 0 0 0 0 0
0 0.833333333333333 0 0.166666666666667 0 0 0 0 0 0 0 0 0 0 0 0
0 0.678571428571429 0.0357142857142857 0.285714285714286 0 0 0 0 0 0 0 0 0 0 0 0
0 0.924050632911392 0.0126582278481013 0.0253164556962025 0 0.0126582278481013 0 0.0126582278481013 0.0126582278481013 0 0 0 0 0 0 0
0 0.912280701754386 0 0.0350877192982456 0 0 0.0175438596491228 0.0350877192982456 0 0 0 0 0 0 0 0
0 0.789473684210526 0 0.157894736842105 0 0 0 0.0526315789473684 0 0 0 0 0 0 0 0
0 0.916666666666667 0 0.0833333333333333 0 0 0 0 0 0 0 0 0 0 0 0
0 1 0 0 0 0 0 0 0 0 0 0 0 0 0 0
0 0 0 0 0 0 0 0 0 0 0 0 0 0 0 0
0 0 0 0 0 0 0 0 0 0 0 0 0 0 0 0
# diet_l_dat 
0 0 0 0 0 0 0 0 0 0 0 0 0
0 0 0 0 0 0 0 0 0 0 0 0 0
0 0 0 0 0 0 0 0 0 0 0 0 0
0 0 0 0 0 0 0 0 0 0 0 0 0
0 0 0 0 0 0 0 0 0 0 0 0 0
0 0 0 0 0 0 0 0 0 0 0 0 0
0 0 0 0 0 0 0 0 0 0 0 0 0
0 0 0 0 0 0 0 0 0 0 0 0 0
0 0 0 0 0 0 0 0 0 0 0 0 0
0 0 0 0 0 0 0 0 0 0 0 0 0
0 1 0 0 0 0 0 0 0 0 0 0 0
0 0 0 0 0 0 0 0 0 0 0 0 0
0 1 0 0 0 0 0 0 0 0 0 0 0
0 0.5 0 0 0 0.5 0 0 0 0 0 0 0
0 0 0 0 0 0 0 0 0 0 0 0 0
0 0 0 0 0 0 0 0 0 0 0 0 0
# diet_l_dat 
0 0 0 0 0 0 0 0 0 0 0 0 0 0 0 0 0 0 0 0 0 0 0 0
0 0 0 0 0 0 0 0 0 0 0 0 0 0 0 0 0 0 0 0 0 0 0 0
0 0 0 0 0 0 0 0 0 0 0 0 0 0 0 0 0 0 0 0 0 0 0 0
0 0 0 0 0 0 0 0 0 0 0 0 0 0 0 0 0 0 0 0 0 0 0 0
0 0 0 0 0 0 0 0 0 0 0 0 0 0 0 0 0 0 0 0 0 0 0 0
0 0 0 0 0 0 0 0 0 0 0 0 0 0 0 0 0 0 0 0 0 0 0 0
0 0 0 0 0 0 0 0 0 0 0 0 0 0 0 0 0 0 0 0 0 0 0 0
0 0 0 0 0 0 0 0 0 0 0 0 0 0 0 0 0 0 0 0 0 0 0 0
0 0 0 0 0 0 0 0 0 0 0 0 0 0 0 0 0 0 0 0 0 0 0 0
0 0 0 0 0 0 0 0 0 0 0 0 0 0 0 0 0 0 0 0 0 0 0 0
0 0 0 0 0 0 0 0 0 0 0 0 0 0 0 0 0 0 0 0 0 0 0 0
0 0 0 0 1 0 0 0 0 0 0 0 0 0 0 0 0 0 0 0 0 0 0 0
0 0 0 0 0 0 0 0 0 0 0 0 0 0 0 0 0 0 0 0 0 0 0 0
0 0 0 0 0 0 0 0 0 0 0 0 0 0 0 0 0 0 0 0 0 0 0 0
0 0 0 0 0 0 0 0 0 0 0 0 0 0 0 0 0 0 0 0 0 0 0 0
0 0 0 0 0 0 0 0 0 0 0 0 0 0 0 0 0 0 0 0 0 0 0 0
# diet_l_dat 
0 0 0 0 0 0 0 0 0 0 0 0 0 0 0 0
0 0 0 0 0 0 0 0 0 0 0 0 0 0 0 0
0 0 0 0 0 0 0 0 0 0 0 0 0 0 0 0
0 0 0 0 0 0 0 0 0 0 0 0 0 0 0 0
0 0 0 0 0 0 0 0 0 0 0 0 0 0 0 0
0 1 0 0 0 0 0 0 0 0 0 0 0 0 0 0
0 1 0 0 0 0 0 0 0 0 0 0 0 0 0 0
0.0263157894736842 0.947368421052632 0 0 0.0263157894736842 0 0 0 0 0 0 0 0 0 0 0
0 0.931818181818182 0 0.0454545454545455 0 0 0.0227272727272727 0 0 0 0 0 0 0 0 0
0 0 0 0 0 0 0 0 0 0 0 0 0 0 0 0
0 0 0 0 0 0 0 0 0 0 0 0 0 0 0 0
0 0 0 0 0 0 0 0 0 0 0 0 0 0 0 0
0 0 0 0 0 0 0 0 0 0 0 0 0 0 0 0
# diet_l_dat 
0 0 0 0 0 0 0 0 0 0 0 0 0
0 0 0 0 0 0 0 0 0 0 0 0 0
0 0 0 0 0 0 0 0 0 0 0 0 0
0 0 0 0 0 0 0 0 0 0 0 0 0
0 0 0 0 0 0 0 0 0 0 0 0 0
0 0 0 0 0 0 0 0 0 0 0 0 0
0 0 0 0 0 0 0 0 0 0 0 0 0
0 0 0 0 0 0 0 0 0 0 0 0 0
0 1 0 0 0 0 0 0 0 0 0 0 0
0 0 0 0 0 0 0 0 0 0 0 0 0
0 0 0 0 0 0 0 0 0 0 0 0 0
0 0 0 0 0 0 0 0 0 0 0 0 0
0 0 0 0 0 0 0 0 0 0 0 0 0
# diet_l_dat 
0 0 0 0 0 0 0 0 0 0 0 0 0 0 0 0 0 0 0 0 0 0 0 0
0 0 0 0 0 0 0 0 0 0 0 0 0 0 0 0 0 0 0 0 0 0 0 0
0 0 0 0 0 0 0 0 0 0 0 0 0 0 0 0 0 0 0 0 0 0 0 0
0 0 0 0 0 0 0 0 0 0 0 0 0 0 0 0 0 0 0 0 0 0 0 0
0 0 0 0 0 0 0 0 0 0 0 0 0 0 0 0 0 0 0 0 0 0 0 0
0 0 0 0 0 0 0 0 0 0 0 0 0 0 0 0 0 0 0 0 0 0 0 0
0 0 0 0 0 0 0 0 0 0 0 0 0 0 0 0 0 0 0 0 0 0 0 0
0 1 0 0 0 0 0 0 0 0 0 0 0 0 0 0 0 0 0 0 0 0 0 0
0 0 0 0 0 0 0 0 0 0 0 0 0 0 0 0 0 0 0 0 0 0 0 0
0 0 0 0 0 0 0 0 0 0 0 0 0 0 0 0 0 0 0 0 0 0 0 0
0 0 0 0 0 0 0 0 0 0 0 0 0 0 0 0 0 0 0 0 0 0 0 0
0 0 0 0 0 0 0 0 0 0 0 0 0 0 0 0 0 0 0 0 0 0 0 0
0 0 0 0 0 0 0 0 0 0 0 0 0 0 0 0 0 0 0 0 0 0 0 0
# diet_l_dat 
0 0 0 0 0 0 0 0 0 0 0 0 0 0 0 0
0 0 0 0 0 0 0 0 0 0 0 0 0 0 0 0
0 0 0 0 0 0 0 0 0 0 0 0 0 0 0 0
0 0 0 0 0 0 0 0 0 0 0 0 0 0 0 0
0 0 0 0 0 0 0 0 0 0 0 0 0 0 0 0
0 0 0 0 0 0 0 0 0 0 0 0 0 0 0 0
0 0 0 0 0 0 0 0 0 0 0 0 0 0 0 0
0 0 0 0 0 0 0 0 0 0 0 0 0 0 0 0
0 1 0 0 0 0 0 0 0 0 0 0 0 0 0 0
0 1 0 0 0 0 0 0 0 0 0 0 0 0 0 0
0 0 0 0 0 0 0 0 0 0 0 0 0 0 0 0
0 0 0 1 0 0 0 0 0 0 0 0 0 0 0 0
0 0.4 0 0.3 0.2 0 0.1 0 0 0 0 0 0 0 0 0
0 0.25 0.0625 0.375 0.0625 0.0625 0.0625 0.0625 0 0.0625 0 0 0 0 0 0
0 0.0769230769230769 0.230769230769231 0.384615384615385 0 0.0769230769230769 0.230769230769231 0 0 0 0 0 0 0 0 0
0 0.0714285714285714 0 0.642857142857143 0 0.0714285714285714 0.0714285714285714 0.0714285714285714 0 0.0714285714285714 0 0 0 0 0 0
0 0.1 0.1 0.5 0.1 0 0.2 0 0 0 0 0 0 0 0 0
0 0.142857142857143 0 0.285714285714286 0.142857142857143 0.214285714285714 0.0714285714285714 0 0.0714285714285714 0.0714285714285714 0 0 0 0 0 0
0 0.1 0.1 0.4 0.1 0 0.2 0.1 0 0 0 0 0 0 0 0
0 0 0 0.571428571428571 0 0.285714285714286 0.142857142857143 0 0 0 0 0 0 0 0 0
0 0 0 0 0 0 0 0 0 0 0 0 0 0 0 0
0 0 0 1 0 0 0 0 0 0 0 0 0 0 0 0
0 0 0 1 0 0 0 0 0 0 0 0 0 0 0 0
0 0 0 0 0 0 0 0 0 0 0 0 0 0 0 0
# diet_l_dat 
0 0 0 0 0 0 0 0 0 0 0 0 0
0 0 0 0 0 0 0 0 0 0 0 0 0
0 0 0 0 0 0 0 0 0 0 0 0 0
0 0 0 0 0 0 0 0 0 0 0 0 0
0 0 0 0 0 0 0 0 0 0 0 0 0
0 0 0 0 0 0 0 0 0 0 0 0 0
0 0 0 0 0 0 0 0 0 0 0 0 0
0 0 0 0 0 0 0 0 0 0 0 0 0
0 0 0 0 1 0 0 0 0 0 0 0 0
0 0.75 0 0.25 0 0 0 0 0 0 0 0 0
0 0.142857142857143 0 0.142857142857143 0.285714285714286 0.428571428571429 0 0 0 0 0 0 0
0 0.172413793103448 0.0344827586206897 0.137931034482759 0.344827586206897 0.137931034482759 0.172413793103448 0 0 0 0 0 0
0 0.0740740740740741 0 0.111111111111111 0.481481481481481 0.259259259259259 0.037037037037037 0.037037037037037 0 0 0 0 0
0 0.0526315789473684 0.0263157894736842 0.0789473684210526 0.421052631578947 0.210526315789474 0.184210526315789 0.0263157894736842 0 0 0 0 0
0 0.027027027027027 0 0.0810810810810811 0.27027027027027 0.405405405405405 0.135135135135135 0.0810810810810811 0 0 0 0 0
0 0 0 0.11864406779661 0.305084745762712 0.305084745762712 0.254237288135593 0 0 0.0169491525423729 0 0 0
0 0 0 0.133333333333333 0.155555555555556 0.222222222222222 0.355555555555556 0.0888888888888889 0.0444444444444444 0 0 0 0
0 0 0.0294117647058824 0.0882352941176471 0.235294117647059 0.235294117647059 0.294117647058824 0.0882352941176471 0.0294117647058824 0 0 0 0
0 0 0.0344827586206897 0.0344827586206897 0.137931034482759 0.206896551724138 0.344827586206897 0.172413793103448 0.0344827586206897 0.0344827586206897 0 0 0
0 0 0 0.0909090909090909 0.181818181818182 0.363636363636364 0.272727272727273 0.0909090909090909 0 0 0 0 0
0 0 0 0 0.181818181818182 0.272727272727273 0.545454545454545 0 0 0 0 0 0
0 0 0 0 0 0 0.5 0.5 0 0 0 0 0
0 0 0 0 0.5 0 0 0.5 0 0 0 0 0
0 0 0 0 0 0 0 0 0 0 0 0 0
# diet_l_dat 
0 0 0 0 0 0 0 0 0 0 0 0 0 0 0 0 0 0 0 0 0 0 0 0
0 0 0 0 0 0 0 0 0 0 0 0 0 0 0 0 0 0 0 0 0 0 0 0
0 0 0 0 0 0 0 0 0 0 0 0 0 0 0 0 0 0 0 0 0 0 0 0
0 0 0 0 0 0 0 0 0 0 0 0 0 0 0 0 0 0 0 0 0 0 0 0
0 0 0 0 0 0 0 0 0 0 0 0 0 0 0 0 0 0 0 0 0 0 0 0
0 0 0 0 0 0 0 0 0 0 0 0 0 0 0 0 0 0 0 0 0 0 0 0
0 0 0 0 0 0 0 0 0 0 0 0 0 0 0 0 0 0 0 0 0 0 0 0
0 0 0 0 0 0 0 0 0 0 0 0 0 0 0 0 0 0 0 0 0 0 0 0
0 0 1 0 0 0 0 0 0 0 0 0 0 0 0 0 0 0 0 0 0 0 0 0
0 0 0 0 1 0 0 0 0 0 0 0 0 0 0 0 0 0 0 0 0 0 0 0
0 0 0 0 0.5 0.5 0 0 0 0 0 0 0 0 0 0 0 0 0 0 0 0 0 0
0 0 0 0 0 0 0 0 0 0 0 0 0 0 0 0 0 0 0 0 0 0 0 0
0 0 0 0 1 0 0 0 0 0 0 0 0 0 0 0 0 0 0 0 0 0 0 0
0 0 0 0 0 0 0 0 0 0 0 0 0 0 0 0 0 0 0 0 0 0 0 0
0 0 0 0 0 0 0 0 0 0 0 0 0 0 0 0 0 0 0 0 0 0 0 0
0 0 0 0 0 0 1 0 0 0 0 0 0 0 0 0 0 0 0 0 0 0 0 0
0 0 0 0 0 0 0 0 0 0 0 0 0 0 0 0 0 0 0 0 0 0 0 0
0 0 0 0 0 0 0 1 0 0 0 0 0 0 0 0 0 0 0 0 0 0 0 0
0 0 0 0 0 0 0 0 0 0 0 0 0 0 0 0 0 0 0 0 0 0 0 0
0 0 0 0 0 0 0 0 0 0 0 0 0 0 0 0 0 0 0 0 0 0 0 0
0 0 0 0 0 0 0 0 0 0 0 0 0 0 0 0 0 0 0 0 0 0 0 0
0 0 0 0 0 0 0 0 0 0 0 0 0 0 0 0 0 0 0 0 0 0 0 0
0 0 0 0 0 0 0 0 0 0 0 0 0 0 0 0 0 0 0 0 0 0 0 0
0 0 0 0 0 0 0 0 0 0 0 0 0 0 0 0 0 0 0 0 0 0 0 0
 # SrType
2
 # steepnessprior
0.6 0.8 0.6
 # cvsteepnessprior
0.2 300 300
 # phase_srec
6
 # sigmarprior
0.5 0.6 0.5
 # cvsigmarprior
0.05 15 15
 # phase_sigmar
-5
 # styr_rec_est
1983 1979 1983
 # endyr_rec_est
2003 2003 2003
 # natmortprior
0.3 0.3 0.37
 # cvnatmortprior
0.1 0.05 0.1
 # natmortphase2
1 1 1
 # qprior
1.0 1.0 1.0
 # cvqprior
0.1 0.1 0.1
 # phase_q
-6 -4 -4
 # q_age_min
4 4 4
 # q_age_max
12 10 10
 # cv_catchbiomass
0.05 0.05 0.05
 # sd_ration
0.05 0.05 0.05
 # phase_M
6
 # phase_Rzero
1
 # phase_fmort
2
 # phase_fmort1
1
 # phase_LogRec
-9
 # phase_RecDev
2
 # phase_SelFshCoff
4
 # phase_SelSuvCoff
4
 # Phasepred1
1
 # PhasePred2
1
 # Phasepred3
8
 # fsh_sel_opt
1 1 1 1 1
 # nselages_in_fsh
12 10 10 10 10
 # phase_sel_fsh
2 2 2 2 2
 # curv_pen_fsh
0.2 0.4083 0.2 0.2 0.2
 # seldec_pen_fsh
200 1000 1000 1000 1000
# sel_change_in_fsh
0 0 0 0 0 0 0 0 0 0 0 0 0 0 0 0 0 0 0 0 0 0 0 0 0
0.7 0.7 0.7 0.7 0.7 0.7 0.7 0.7 0.7 0.7 0.7 0.7 0.7 0.7 0.7 0.7 0.7 0.7 0.7 0.7 0.7 0.7 0.7 0.7 0.7
0 0 0 0 0 0 0 0 0 0 0 0 0 0 0 0 0 0 0 0 0 0 0 0 0
0 0 0 0 0 0 0 0 0 0 0 0 0 0 0 0 0 0 0 0 0 0 0 0 0
0 0 0 0 0 0 0 0 0 0 0 0 0 0 0 0 0 0 0 0 0 0 0 0 0
 # srv_sel_opt
1 1 1
# sel_change_in_srv
0 0 0 0 0 0 0 0 0 0 0 0 0 0 0 0 0 0 0 0 0 0 0 0 0
0 0 0 0 0 0 0 0 0 0 0 0 0 0 0 0 0 0 0 0 0 0 0 0 0
0 0 0 0 0 0 0 0 0 0 0 0 0 0 0 0 0 0 0 0 0 0 0 0 0
 # phase_sel_srv
3 5 5
 # nselages_in_srv
10
 # curv_pen_srv
0.25
 # seldec_pen_srv
1000.1
 # nselages_in_srv
10
 # curv_pen_srv
0.25
 # seldec_pen_srv
1000.1
 # nselages_in_srv
10
 # curv_pen_srv
0.25
 # seldec_pen_srv
1000.1
# End of file
999
