# Number of parameters = 641 Objective function value = 1237.87  Maximum gradient component = 12.7079
# MEst:
 0.302460 0.0200000 0.0728783
# log_gam_a:
 1.53282e-007 15.0587 2.75529
# log_gam_b:
 0.647808 -4.85488 -2.54682
# Q_other_est[1]:
 6.26185 8.89220 6.83380 5.92767 5.36635 4.93643 4.59473 4.40588 4.14004 3.90232 3.65522 3.56160 3.16593 3.08443 2.98595 2.67421
# Q_other_est[2]:
 8.17294 9.67787 9.59054 9.56477 9.52037 9.42153 9.35968 9.31142 9.24736 9.18917 9.14443 9.15058 9.07771 9.08353 9.13357 7.94889
# Q_other_est[3]:
 -4.49405 5.25343 4.93326 4.76264 4.53950 4.19361 4.14776 3.60766 3.13341 2.94479 3.00142 3.22550 2.87513
# logH_1:
 -7.36971 -9.01391 -8.58018 -2.55157 16.2560 15.0091 15.2076 -7.51024 -7.63600 -6.72933 -7.02721 -3.39074
# logH_1a:
 -13.0468 -26.8479 -9.53177
# logH_1b:
 17.1776 -20.2962 -5.50035
# logH_2:
 -6.15404 3.82764 33.9693 29.9463 1.02077 37.7974 -0.942076 -14.6787 9.40048
# logH_3:
 -9.00000 -9.00000 -9.00000 -9.00000 -9.00000 -9.00000 -9.00000 -9.00000 -9.00000
# H_4:
 1.00000 1.00000 1.00000 1.00000 1.00000 1.00000 1.00000 1.00000 1.00000
# steepness:
 0.700000 0.800000 1.00000
# log_Rzero:
 10.4773 6.56552 3.76963
# rec_dev:
 0.308902 -0.0744612 -0.644094 0.456793 -0.198665 -0.190359 -0.242404 -0.718620 0.522811 -0.199232 -0.171466 -0.119235 -0.321891 -0.542655 -0.00566044 -0.174059 -0.216401 -0.433161 -0.411361 0.0580616 0.397228 0.0855709 -0.378434 -0.470157 -0.528126 -0.230980 -0.153147 -0.175775 -0.110349 -0.170538 -0.432546 -0.577382 -0.665367 -1.07021 -1.22195 -0.688375 -0.0199243 -0.559197 0.621732 -0.213591 -0.296264 -0.227510 -0.427759 0.0396418 -0.269933 -0.0441137 -0.486102 -0.542984 -0.423094 -0.275377 -0.0535979 -0.180552 -0.326017 -0.0674597 -0.363855 -0.408128 -0.559529 -0.531325 -0.706265 -0.451210 -0.159778 -0.233527 -0.256218 -0.441343 0.0203656 -0.138886 -0.145160 -0.0258166 0.0776913 -0.155954 -0.405805 -0.0985657 -0.808635 -0.839544 -0.0113170 0.599540 0.146427 -0.521953 -0.231108 -0.269611 -0.200023 -0.199451 -0.198758 0.000435021 0.395592 0.456111 -0.199468 -0.121665 -0.364152 -0.328992 -0.0456634 -0.403189 -0.362552 -0.283829 -0.502652 -0.815196 -0.283691 0.237310 -0.301462 -0.314357 0.0512800 -0.406204 -0.0655945 0.0126650 -0.339947 -0.0742991 0.150302 -0.0700122 -0.00314090 -0.354927 -0.347924 -0.636625 -0.176823 0.00851565 -0.386134 -0.569006 -0.0476046
# log_sigmar:
 -0.693147 -0.510826 -0.693147
# log_selcoffs_fsh:
 -8.33852 -6.57787 -4.83346 -3.15157 -1.61359 -0.415767 0.360404 0.564428 0.593326 0.639590 0.691900 0.784950 -5.95268 -4.54850 -3.14790 -1.81536 -0.588013 0.162419 0.533329 0.696702 0.765133 0.783218 -5.79671 -4.39730 -2.99889 -1.66494 -0.663227 0.0690655 0.426344 0.676295 0.815978 0.875217 -5.56801 -4.24682 -2.81597 -1.49303 -0.775289 -0.226572 0.316041 0.734563 0.896844 0.928993 -5.65323 -4.37778 -3.10925 -1.94507 -0.779119 0.106279 0.623395 0.755704 0.737993 0.760714 -5.43055 -4.30333 -3.07565 -1.76856 -0.537454 0.169310 0.608748 0.638369 0.707020 0.805239 -5.50399 -4.24078 -2.90340 -1.56244 -0.357538 0.242158 0.469781 0.548233 0.726639 0.852606 -5.91276 -4.15190 -2.43610 -0.954795 -0.0939600 0.363210 0.447148 0.415620 0.568620 0.839960 -6.22587 -4.49036 -2.77037 -1.25707 -0.236235 0.377317 0.441767 0.516595 0.641574 0.815905 -6.32632 -4.61045 -2.90623 -1.47735 -0.342360 0.366196 0.440014 0.533707 0.682361 0.840285 -6.37704 -4.68649 -2.97297 -1.25566 0.0310006 0.433768 0.493044 0.528624 0.569745 0.681184 -6.02844 -4.40512 -2.84153 -1.45598 -0.399854 0.246715 0.534413 0.652247 0.701616 0.741709 -5.81364 -4.24874 -2.75284 -1.32999 -0.265433 0.254517 0.397766 0.533280 0.699509 0.871951 -5.70384 -4.30833 -2.92829 -1.64486 -0.612170 0.178048 0.424522 0.617622 0.803316 0.868783 -5.42386 -4.16264 -2.94287 -1.82061 -0.855342 -0.0736683 0.457501 0.711682 0.855779 0.892369 -5.29951 -4.09381 -2.92369 -1.84912 -0.915947 -0.167021 0.418418 0.817578 0.867844 0.856290 -5.34217 -4.15701 -2.92088 -1.69129 -0.636844 0.133695 0.477966 0.768584 0.819203 0.708545 -5.33076 -4.04123 -2.68847 -1.33363 -0.119804 0.302413 0.437234 0.523775 0.641978 0.819469 -5.31716 -4.01516 -2.62487 -1.28094 -0.279298 0.130494 0.259544 0.505141 0.822747 0.916795 -5.33585 -3.93720 -2.58148 -1.37378 -0.458614 0.136000 0.406098 0.501672 0.744975 0.959320 -5.56143 -4.12279 -2.72751 -1.40499 -0.356276 0.338527 0.453436 0.521406 0.652192 0.870501 -6.05306 -4.48929 -2.88820 -1.33061 -0.0660193 0.429646 0.541677 0.549183 0.579444 0.671957 -5.98016 -4.47624 -2.93132 -1.37764 -0.169707 0.415927 0.523615 0.588099 0.667552 0.632912 -5.55807 -4.22518 -2.91999 -1.62016 -0.484283 0.246597 0.618823 0.714184 0.703361 0.649026 -4.99219 -3.91003 -2.77638 -1.62981 -0.548307 0.0469864 0.446504 0.655228 0.809194 0.856160 -4.91604 -3.78773 -2.67670 -1.63373 -0.736936 -0.0549905 0.406461 0.692477 0.843621 0.898375 -4.06247 -3.18191 -2.28385 -1.38161 -0.543919 0.0664902 0.470536 0.718442 0.782350 0.742209 -4.59577 -3.52978 -2.48313 -1.50267 -0.647139 0.0160948 0.470850 0.708105 0.797467 0.816898 -4.47496 -3.32051 -2.16963 -1.08168 -0.154849 0.499535 0.739454 0.675224 0.465369 0.294871
# log_q_srv[1]:
0.00000000000
# log_q_srv[2]:
0.00000000000
# log_q_srv[3]:
0.00000000000
# log_selcoffs_srv:
 -8.72568725962 -6.25540850979 -3.92936441554 -1.95133565860 -0.732981383731 -0.328105705299 -0.121923226815 0.273296004277 0.854144845190 1.40758217728 -5.19532621058 -3.26748136129 -1.43021174568 -0.149942280473 0.356574677611 0.392022478575 0.397831303122 0.406217011882 0.392464800851 0.389909456736 -2.69970930045 -1.63846789007 -0.564810464369 0.288693103961 0.761079320413 0.766211597655 0.445771355768 -0.0699197638371 -0.527488637265 -0.778385457922
# fmort_dev_est:
 -1.08023283939 0.724657880876 0.957122198477 1.05568498525 1.07019377442 0.0162518627799 -1.97614488083 -2.34061257313 -0.953493730748 -2.55795252242 0.563798004539 -2.43704339305 0.482287650228 1.14232500474 0.244029199502 2.57929410288 2.10608866120 2.45376486747 2.72948906113 -0.721085056104 -0.377275011905 -0.910890015845 -1.41994405510 -1.34990521228 0.795331709282 0.524674189115 0.218610203733 -0.373815282055 -1.23582664455 -0.00103675011570 0.239610375262 0.330013476044 0.529852589075 -0.229476722160 -0.572372187628 -0.651195519153 -0.679192183663 -0.173512374662 0.0312809583283 -0.0691837205951 0.168426164062 0.673684453834 0.471828781666 0.330864305868 0.0541347439082 -0.140290117915 0.228527901710 -0.171007904600 -0.298759073181 -1.22673746110 -1.08869879853 -1.05672594471 -1.16460396225 -1.27415351643 -1.07198283262 -0.351893831926 -1.24235754493 -1.38555347462 -0.866918510225 -1.57899920554 -0.0590883337035 0.294110544539 0.204588931365 -0.0393573843166 0.756360395001 0.702917226384 1.04327602272 0.971518854476 1.35561244353 1.39684439458 2.40767471217 3.27828260020 -5.95740585463 -1.39861942154 -2.39847274719 -2.83257361620 -3.80185115227 2.32297334855 3.07971504180 -0.402907428559 1.60176521164 3.20421168911 1.27519833997 1.14417292940 3.47922508495 3.47249431877 2.02600872595 -1.88373650504 -2.93055331573 -2.34621235545 -1.73503456387 -1.90186920332 -1.19685505115 -1.09530045983 -7.72591210734 -4.55792147602 -2.67059838816 -1.96783307256 -1.22189310687 0.447294606149 2.45190645690 2.35063798007 1.55751742145 1.27348986715 1.55010165072 1.88507989361 2.64722518375 2.15866148768 3.00522802529 3.40571857529 2.00431918805 1.68353932969
# log_avg_fmort:
 -3.35919320628 -0.996422717414 -3.09631656429 -7.09483650338 -5.00672899616
# dummy:
0.00000000000
# dummy2:
0.00000000000
