# Number of parameters = 641 Objective function value = 51406.5  Maximum gradient component = 176126.
# MEst:
 0.343120 0.0748105 0.0913031
# log_gam_a:
 0.00853839 0.856358 2.88675
# log_gam_b:
 0.340314 8.39208 -2.71788
# Q_other_est[1]:
 3.87912 9.28060 7.13623 6.28755 5.78888 5.37709 5.05083 4.61778 4.36957 4.06897 3.84748 3.65956 3.41631 3.27639 3.21458 3.17995
# Q_other_est[2]:
 16.0695 18.8463 18.8043 18.7777 18.7325 18.6502 18.6017 18.5427 18.4872 18.4257 18.3715 18.3414 18.3506 18.3172 18.2977 17.5386
# Q_other_est[3]:
 10.7247 15.7429 15.5737 15.4618 15.3127 14.7883 14.9966 14.1067 13.6518 13.7451 13.7492 13.9309 13.4676
# logH_1:
 -7.52627 -8.78239 -9.17194 -3.38935 -6.68187 -7.20823 -7.75510 -16.8171 -8.13851 -6.86089 -7.11931 -14.1768
# logH_1a:
 -313.371 -426.344 -58.5209
# logH_1b:
 477.933 40.9226 -71.0854
# logH_2:
 -4.95667 3.34656 -0.0907958 1.60676 -8.29503 7.79918 0.873716 -15.2509 14.5515
# logH_3:
 -9.00000 -9.00000 -9.00000 -9.00000 -9.00000 -9.00000 -9.00000 -9.00000 -9.00000
# H_4:
 1.00000 1.00000 1.00000 1.00000 1.00000 1.00000 1.00000 1.00000 1.00000
# steepness:
 0.700000 0.800000 1.00000
# log_Rzero:
 12.2493 8.02532 3.64381
# rec_dev:
 0.561532 -0.226212 0.827675 -0.695320 1.18928 -0.198454 -0.0862241 -0.148894 -0.480375 1.06968 -0.144651 0.715838 -0.550497 -0.743630 0.0459981 -0.0956659 -0.275148 -0.583944 -0.649188 -0.187773 0.273198 0.365156 -0.350719 -0.653923 -0.761050 -0.329251 -0.339327 -0.278385 -0.179127 -0.167056 -0.437709 -0.558112 -0.766798 -1.56060 -1.50333 -1.03865 0.0300032 -0.341756 0.749746 -0.660671 -1.03974 0.622091 -0.0104896 1.04401 0.0242649 -0.231885 -0.863263 -0.544842 -1.37326 -0.196268 -0.633121 -0.273508 0.0181397 -0.518644 -0.510204 -0.460968 -0.577516 -0.486527 -0.956513 -0.627154 -0.0248051 -0.122861 -0.406237 -0.607702 -0.159212 -0.295050 -0.143389 0.0581435 0.572141 0.150939 -0.240854 0.185247 -1.22106 -1.18926 -0.664334 0.560888 0.512928 -0.355935 -0.536292 -0.0711274 -0.280819 -0.223150 -0.313452 -0.386244 0.614104 0.669909 -0.222968 -0.724102 -0.552281 -0.309939 0.447377 -0.346513 -0.571889 -0.0576608 -0.665566 -0.966169 0.166455 0.245933 -0.348241 -0.0141823 0.161693 -1.00421 0.180255 0.231458 -0.287074 0.0544568 0.268812 0.115644 0.248561 -0.199300 -0.246367 -0.668556 -0.135074 -0.176826 -0.0543280 -0.876029 -0.419618
# log_sigmar:
 -0.693147 -0.510826 -0.693147
# log_selcoffs_fsh:
 -9.96616 -7.76180 -5.62882 -3.59137 -1.66594 -0.374523 0.317402 0.563328 0.583102 0.506149 0.722478 0.895231 -6.16336 -4.84647 -3.25993 -1.80554 -0.355021 0.00852617 0.329108 0.647912 0.849725 0.893343 -6.46089 -4.95280 -3.34823 -1.81504 -0.793570 -0.0833860 0.193960 0.684140 0.988823 0.926773 -6.25896 -4.98985 -3.64867 -2.20502 -1.04867 -0.331868 0.447803 0.894400 0.911711 0.818950 -6.47665 -4.96794 -3.46063 -1.93336 -0.653242 0.464572 0.530206 0.532881 0.751843 0.792265 -6.48552 -4.68342 -3.03630 -1.62069 -0.602202 0.296379 0.554713 0.761961 0.710974 0.677237 -6.67384 -4.58424 -2.73179 -1.32821 -0.315214 0.118859 0.682998 0.842766 0.614374 0.488914 -6.89930 -4.58986 -2.35259 -0.513178 0.104898 0.451471 0.410023 0.451056 0.563483 0.575580 -7.06659 -4.93648 -2.95479 -1.29993 -0.277147 0.432839 0.714143 0.719100 0.561453 0.433018 -7.10426 -5.14769 -3.21470 -1.53622 -0.483709 0.0102153 0.458575 0.845273 0.777590 0.707262 -6.79934 -5.04505 -3.27375 -1.64195 -0.357779 0.134412 0.297645 0.573946 0.792126 0.967386 -6.67660 -4.92274 -3.24698 -1.78221 -0.662770 0.0720972 0.462189 0.666203 0.800826 0.885049 -6.75354 -4.92286 -3.16737 -1.45760 -0.245481 0.393302 0.372677 0.468087 0.712639 0.857182 -6.67806 -4.86987 -3.05873 -1.30176 -0.120403 0.515761 0.326690 0.372046 0.664153 0.848378 -6.16481 -4.55370 -3.03565 -1.74893 -0.786798 -0.0551542 0.453514 0.693068 0.842640 0.918089 -5.99438 -4.44777 -2.97792 -1.73040 -0.820001 -0.249686 0.272150 0.798288 0.907181 0.903131 -5.92994 -4.46467 -2.93699 -1.42045 -0.372885 0.127439 0.431556 0.518802 0.673722 1.01425 -6.19049 -4.57606 -2.87316 -1.13328 -0.0193210 0.254352 0.155558 0.374043 0.749423 0.932696 -6.44327 -4.81688 -3.17301 -1.66267 -0.355631 0.275447 0.527142 0.697174 0.685019 0.729106 -6.38244 -4.62116 -2.95481 -1.53656 -0.533569 0.101823 0.413175 0.616753 0.837028 0.851614 -6.64590 -4.65241 -2.76461 -1.20217 -0.0979628 0.344857 0.177343 0.524550 0.698923 0.875109 -7.01583 -4.80888 -2.67216 -0.822323 0.300539 0.429943 0.212640 0.406711 0.563616 0.765390 -7.00545 -4.88978 -2.96527 -1.36439 -0.343958 0.349893 0.599455 0.680885 0.574720 0.651693 -6.80608 -4.97249 -3.18931 -1.56801 -0.474228 0.209328 0.498095 0.710937 0.642617 0.832445 -6.51766 -4.98186 -3.56260 -2.39148 -1.13615 -0.366590 0.306822 0.779806 0.923079 1.02895 -6.32578 -4.92202 -3.57602 -2.34500 -1.27712 -0.412171 0.243346 0.711848 0.985580 1.07953 -4.46080 -3.38836 -2.35443 -1.48865 -0.643229 0.221939 0.613936 0.754386 0.689935 0.650102 -4.73995 -3.42283 -2.30598 -1.41129 -0.654373 0.0554640 0.627705 0.928586 0.742342 0.424306 -4.96192 -3.57681 -2.29089 -1.12793 -0.266965 0.372104 0.871068 0.807655 0.487141 0.0942393
# log_q_srv[1]:
0.00000000000
# log_q_srv[2]:
0.00000000000
# log_q_srv[3]:
0.00000000000
# log_selcoffs_srv:
 -10.9033579161 -7.57842619293 -4.58521119866 -2.21353958395 -0.983483798746 -0.551587010302 -0.448220422208 -0.0657073722781 0.751507885374 1.64799547084 -6.00758537850 -3.58735356746 -1.19148141243 0.101473882342 0.323696009413 0.329650604141 0.394544593508 0.548905805801 0.400375753108 0.0553476826013 -2.65387377893 -1.32398358048 -0.221987733087 0.427109475276 0.759081285351 0.662649858555 0.226969407792 0.104569834658 -0.487218121254 -1.28553448463
# fmort_dev_est:
 -0.675719396920 0.985608871104 1.12869396422 1.12553960571 1.03502689190 -0.0108832748364 -2.04707384383 -2.31489950111 -0.989921520527 -2.59080612141 0.500579671666 -2.48919760416 0.469410503538 1.15025718419 0.239564639059 2.53580652100 2.05720272771 2.40956082812 2.68364062235 -0.802031816522 -0.488266359938 -1.00618160269 -1.49147438277 -1.42656735156 0.749392029231 0.560939513736 0.146181940603 -0.734571783722 -1.45220767294 -0.487891509372 -0.0945237521290 0.0271648137401 0.414960996397 0.0942015887097 -0.391681088444 -0.682114515890 -0.740417373918 -0.121768371234 0.136789489885 0.0902774410737 0.250074686497 0.498764153297 0.365110818807 0.264469491170 -0.0116573966542 -0.0607200894977 0.498523698834 0.472508134328 0.438325844145 -1.06661889354 -0.972655155327 -0.973906779102 -1.13467718190 -1.25419163057 -1.05640838412 -0.348753598008 -1.25028533067 -1.42974308232 -0.930672970650 -1.61723882623 -0.0770135399434 0.256694959687 0.182199538920 -0.0746226972925 0.726152035772 0.635377330653 0.962552532995 0.892740159807 1.33183854890 1.38231861572 2.46416412382 3.34521438745 -5.82869991841 -1.29973751337 -2.31086741484 -2.78011978921 -3.81953944818 2.29585895088 3.11444928149 -0.411620115224 1.59889337102 3.18492717822 1.21432369321 1.10767280158 3.42451325235 3.39222692698 1.94696347527 -1.92647840232 -2.88302514211 -2.17110003507 -1.62376023847 -1.89768546542 -1.24995883688 -1.11958753454 -7.68353835093 -4.53928126398 -2.67128929037 -2.00338653814 -1.29503057990 0.401089386579 2.45005598558 2.31806202443 1.53560598849 1.22020908678 1.47040154550 1.80132198779 2.60515869562 2.13332585155 3.02181304161 3.39406765330 2.06225290394 1.83308912695
# log_avg_fmort:
 -3.30375721673 -0.998053915140 -3.15448024081 -7.08705484917 -5.02711154240
# dummy:
0.00000000000
# dummy2:
0.00000000000
