# Number of parameters = 641 Objective function value = 25885.2  Maximum gradient component = 54582.9
# MEst:
 0.370896 0.0288358 0.101894
# log_gam_a:
 0.000224195 1.01355 2.92091
# log_gam_b:
 0.368410 2.05680 -2.74559
# Q_other_est[1]:
 2.72414 9.51754 7.22010 6.52579 6.01345 5.65873 5.38310 5.13237 4.88525 4.91935 4.65180 4.32548 3.83728 3.98603 3.75322 3.68468
# Q_other_est[2]:
 6.16800 16.3326 16.3098 16.2902 16.2387 16.1552 16.1109 16.0585 15.9978 15.9516 15.9217 15.9057 15.8481 15.8201 15.8569 15.8212
# Q_other_est[3]:
 -0.334282 8.12997 7.92470 7.80570 7.58207 7.23473 7.29492 6.46008 5.90798 6.10952 6.12673 6.25914 5.82947
# logH_1:
 -7.62974 -8.55915 -9.47983 -4.05898 -6.54048 -7.31567 -7.44062 -14.2900 -8.29192 -6.70978 -7.59744 -6.52842
# logH_1a:
 -141.187 -123.724 -64.9412
# logH_1b:
 246.653 13.8709 -62.5255
# logH_2:
 -4.92441 3.01536 2.49930 1.98593 -10.4303 8.94837 0.682873 -4.26775 15.3766
# logH_3:
 -9.00000 -9.00000 -9.00000 -9.00000 -9.00000 -9.00000 -9.00000 -9.00000 -9.00000
# H_4:
 1.00000 1.00000 1.00000 1.00000 1.00000 1.00000 1.00000 1.00000 1.00000
# steepness:
 0.700000 0.800000 1.00000
# log_Rzero:
 12.3684 7.72587 4.13013
# rec_dev:
 0.502229 0.757582 0.243578 -0.240418 0.375197 -0.208019 -0.326302 -0.734009 0.241308 -0.199164 -0.162477 -0.547449 -0.492306 -0.430228 -0.00497174 -0.132768 -0.146949 -0.555192 -0.587563 -0.183766 0.313948 0.303247 -0.381469 -0.567410 -0.606081 -0.274979 -0.272267 -0.223290 -0.173966 -0.188824 -0.426650 -0.490839 -0.639902 -1.18135 -1.22627 -0.953295 0.0262496 -0.198222 0.928438 -0.509869 -0.546148 -0.499095 -0.0101244 -0.435740 -0.511425 0.109270 -0.327397 -0.823643 -0.716244 -0.268290 -0.00544413 -0.253597 -0.463761 0.0220635 -0.413753 -0.262817 -0.539922 -0.338159 -0.866317 -0.420049 0.0545311 0.0301759 -0.260839 -0.472397 -0.199442 -0.297652 -0.182144 -0.0411946 0.385867 -0.0153434 -0.299196 -0.0447972 -1.06286 -1.13518 -0.764621 0.474251 0.158465 -0.698211 -0.740670 -0.358318 -0.180917 -0.296978 -0.215916 -0.457525 0.0676440 0.574765 -0.217269 -0.322730 -0.420208 -0.523801 0.0170032 -0.0995663 -0.423542 -0.114948 -0.555135 -0.865031 0.0278834 0.00838025 -0.160569 -0.0954770 0.0651114 -0.467655 0.0699457 0.114426 -0.279028 -0.0223978 0.228208 -0.0572014 0.0948334 -0.275353 -0.268771 -0.590001 -0.261283 -0.0188957 -0.109056 -0.359347 -0.538589
# log_sigmar:
 -0.693147 -0.510826 -0.693147
# log_selcoffs_fsh:
 -9.49880 -7.37599 -5.32535 -3.44965 -1.92636 -0.706886 0.159473 0.531578 0.604214 0.657559 0.795078 0.954846 -6.88962 -5.03202 -3.33455 -1.96613 -0.778023 -0.0536200 0.423016 0.711007 0.847032 0.866443 -6.79748 -5.02488 -3.36929 -1.95270 -0.870885 -0.258069 0.234402 0.694854 0.967072 0.951976 -6.72970 -5.00150 -3.34501 -1.85475 -0.804655 -0.244634 0.252089 0.765210 0.932451 0.933106 -6.66980 -5.12194 -3.63316 -2.25397 -1.06799 0.146771 0.666797 0.733443 0.775872 0.755306 -6.56162 -4.94524 -3.36346 -1.89430 -0.753734 0.0670546 0.491861 0.781307 0.822051 0.764897 -6.41031 -4.71014 -3.12886 -1.74104 -0.660018 0.200472 0.649974 0.696315 0.707973 0.728617 -6.23629 -4.41610 -2.63394 -0.988445 -0.227735 0.0979506 0.400471 0.591349 0.743049 0.797039 -6.28564 -4.51183 -2.81488 -1.43699 -0.368148 0.140361 0.488069 0.670135 0.793519 0.695860 -6.04655 -4.32260 -2.59398 -1.16834 -0.252795 0.259957 0.506386 0.583346 0.622715 0.769976 -6.27276 -4.64056 -3.04634 -1.55030 -0.307748 0.231542 0.488911 0.683632 0.738498 0.696819 -6.00162 -4.37198 -2.81398 -1.45368 -0.415848 0.212086 0.449854 0.625799 0.737455 0.779667 -5.96481 -4.25923 -2.59109 -1.17832 -0.260741 0.133221 0.302912 0.572047 0.787677 0.836840 -5.78294 -4.19121 -2.69575 -1.35264 -0.321544 0.271058 0.472774 0.504896 0.751928 0.785814 -5.54081 -4.09890 -2.72476 -1.51687 -0.551876 0.186562 0.570801 0.701876 0.726810 0.705460 -5.53161 -4.11000 -2.74844 -1.54146 -0.603048 0.0589488 0.604075 0.833069 0.754129 0.622055 -5.65172 -4.17782 -2.73679 -1.35775 -0.452257 0.126007 0.504828 0.703525 0.779502 0.692785 -5.59824 -3.97796 -2.43615 -1.02503 -0.0582591 0.252719 0.340682 0.513540 0.711554 0.780114 -5.42669 -3.89820 -2.43350 -1.13271 -0.208043 0.270957 0.468775 0.537737 0.656229 0.788206 -5.27740 -3.70459 -2.22571 -1.02249 -0.232966 0.184317 0.354764 0.553965 0.711109 0.859002 -5.42693 -3.89326 -2.41284 -1.08674 -0.0812407 0.251846 0.351659 0.528264 0.659410 0.828826 -5.84796 -4.02683 -2.32708 -0.899675 0.0212523 0.462600 0.495353 0.428772 0.548465 0.676712 -6.09077 -4.48572 -2.88629 -1.43749 -0.241897 0.396468 0.586627 0.559001 0.620530 0.705472 -5.86595 -4.57857 -3.23672 -1.82039 -0.683599 0.141321 0.489226 0.705156 0.846713 0.783843 -5.72439 -4.54853 -3.34556 -2.07273 -0.829035 0.0524558 0.502503 0.764721 0.831602 0.817689 -5.62721 -4.39837 -3.17889 -2.01321 -0.986462 -0.164358 0.403738 0.747748 0.900651 0.925136 -4.09165 -3.12651 -2.22118 -1.36541 -0.562787 0.0918049 0.493455 0.700326 0.759650 0.766087 -5.28554 -4.01758 -2.77796 -1.60155 -0.550881 0.220519 0.647766 0.861811 0.719444 0.456754 -4.46880 -3.28534 -2.15427 -1.16550 -0.268044 0.460035 0.796163 0.758355 0.494176 0.181673
# log_q_srv[1]:
0.00000000000
# log_q_srv[2]:
0.00000000000
# log_q_srv[3]:
0.00000000000
# log_selcoffs_srv:
 -10.8018621494 -7.56388373632 -4.63812827094 -2.32561740739 -0.996568482587 -0.515154782725 -0.306401330274 -0.0194374952578 0.759451281723 1.61922991544 -5.66399844995 -3.38355676699 -1.22413937841 0.0417258184318 0.429963422762 0.481173379171 0.494012842416 0.426223387853 0.273201475378 -0.00656627508075 -3.06234232183 -1.50220954312 -0.303884098648 0.362881564839 0.649010305905 0.795328107694 0.568617803223 0.00944043463025 -0.763464334920 -1.44641895415
# fmort_dev_est:
 -1.28989981924 0.524845674072 0.748746992875 0.847319001897 0.930934938397 -0.0706176167626 -2.01232776948 -2.31492383766 -0.855486388803 -2.43370209722 0.625159968952 -2.37690974723 0.580026515359 1.28197004224 0.363401376319 2.68531654450 2.19130348694 2.56337060322 2.84184363258 -0.655170980350 -0.347509245792 -0.920119925871 -1.47718974078 -1.42990445640 0.994948780243 0.752380419506 0.199604991851 -0.439617922641 -1.23184169946 -0.207803013953 0.123693141480 0.230618594819 0.330840291115 -0.0444806548926 -0.509114510078 -0.591241212048 -0.768523502022 -0.389807122692 -0.237526021252 -0.148956342362 0.104932130956 0.516756967659 0.349505010878 0.275525566646 0.0829607332352 0.0149766881596 0.573648986588 0.188016286310 0.0522752110481 -1.26396861343 -1.11869504166 -1.06453040401 -1.17504790452 -1.27474128934 -1.07309391486 -0.348981443558 -1.24303786746 -1.38178114669 -0.878436303120 -1.57756334309 -0.0490469472536 0.272574474277 0.192568184633 -0.0694315435556 0.737614368517 0.642087496282 0.966349800507 0.915537857118 1.35636995977 1.44134183138 2.54225780461 3.45421247490 -5.85488328972 -1.29858003614 -2.31699921043 -2.76266241418 -3.79426891260 2.32254984698 3.11234102253 -0.435765173732 1.56742907676 3.18136100107 1.21722349171 1.08795135516 3.40554134045 3.37851562771 1.97213738203 -1.89163475756 -2.88609186952 -2.35524156108 -1.74335840558 -1.90248361074 -1.21320151477 -1.10294112303 -7.71014424165 -4.54092199737 -2.67997885464 -1.97485919724 -1.25344618103 0.426247071457 2.44576640871 2.30823986294 1.51652127970 1.21531954067 1.49544138106 1.81742504727 2.60114848752 2.15456817127 3.03920921391 3.46044906490 2.12389122062 1.87227291790
# log_avg_fmort:
 -3.36865020435 -0.985351780901 -3.22964512135 -7.11834992154 -5.09676677374
# dummy:
0.00000000000
# dummy2:
0.00000000000
