# Number of parameters = 641 Objective function value = 337.498  Maximum gradient component = 2.49384e+006
# MEst:
 0.291588 0.144938 0.197559
# log_gam_a:
 0.258795 0.936878 2.77118
# log_gam_b:
 0.957839 6.94546 -2.56822
# Q_other_est[1]:
 5.80685 7.95582 7.39411 7.06938 6.89070 6.75429 6.64012 6.54541 6.48485 6.48365 6.46211 6.45392 6.40529 6.40800 6.38495 6.35434
# Q_other_est[2]:
 11.8030 13.2930 13.2755 13.2420 13.2215 13.1949 13.1605 13.1217 13.0862 13.0856 13.0847 13.1046 13.1266 13.1586 13.1677 13.1765
# Q_other_est[3]:
 7.75031 11.8124 11.6257 11.4638 11.1865 10.9677 10.7299 10.5285 10.4205 10.3072 10.2092 10.1724 10.1111
# logH_1:
 -7.27255 -8.20205 -8.12096 -5.67331 -7.30557 -8.97487 -7.96054 -11.3073 -6.90966 -6.72818 -7.75682 -10.2766
# logH_1a:
 -3.88741 -12.5130 3.13509
# logH_1b:
 51.7143 7.93836 -13.1952
# logH_2:
 -3.76210 -1.38614 0.220009 1.37882 -11.5360 -0.191615 -54.7196 2.40234 -5.48463
# logH_3:
 -9.00000 -9.00000 -9.00000 -9.00000 -9.00000 -9.00000 -9.00000 -9.00000 -9.00000
# H_4:
 1.00000 1.00000 1.00000 1.00000 1.00000 1.00000 1.00000 1.00000 1.00000
# steepness:
 0.700000 0.800000 1.00000
# log_Rzero:
 9.77340 7.32760 5.01130
# rec_dev:
 -0.120949 -0.0523844 0.0780177 -0.0856099 -0.0273432 -0.311737 0.278304 -0.000683955 0.0628240 -0.124372 -0.135918 0.0461724 -0.122993 -0.277212 0.383939 -0.175941 0.499545 -0.233657 -0.107925 -0.149950 -0.0814524 -0.208411 -0.365775 -0.390504 -0.422836 -0.114480 -0.392647 0.0221408 -0.260535 -0.356983 -0.467168 -0.575052 -0.853274 -1.06714 -1.04572 -0.456506 -0.287220 -0.418750 -0.108080 -0.206915 -0.257078 -0.315797 -0.271787 -0.227812 -0.303188 -0.400226 -0.354908 -0.406948 -0.572191 -0.531503 -0.251651 -0.420323 -0.264461 0.0283913 -0.417884 -0.237810 -0.393193 -0.369241 -0.445638 -0.531584 -0.0617106 -0.299870 -0.0845983 -0.0907697 0.265060 0.00538334 0.0402936 -0.111981 0.104990 0.0395561 -0.144299 -0.172424 -0.422732 -0.617721 0.404207 -0.203618 -0.285097 -0.117079 -0.297012 -0.282757 -0.477155 -0.406881 -0.404652 -0.248758 -0.203825 -0.510693 -0.285419 -0.266553 -0.0448816 -0.392997 -0.487911 -0.436593 -0.356392 -0.175549 -0.113302 -0.412449 0.0218684 -0.0840444 -0.108911 0.151224 -0.122732 -0.145531 -0.0303880 -0.0242948 -0.167944 0.504772 0.222393 -0.0499855 -0.103743 -0.317771 -0.514813 -0.0459621 -0.188739 -0.194541 -0.238745 -0.245208 -0.223641
# log_sigmar:
 -0.693147 -0.510826 -0.693147
# log_selcoffs_fsh:
 -3.99309 -2.94098 -1.95120 -1.08635 -0.403973 0.0504198 0.300846 0.422513 0.492788 0.535250 0.561965 0.570956 -2.62496 -1.97713 -1.34569 -0.762088 -0.257205 0.129371 0.392934 0.560484 0.653078 0.688115 -2.64666 -1.99144 -1.35790 -0.770278 -0.273531 0.115448 0.391675 0.564684 0.660135 0.698522 -2.68291 -2.03050 -1.39482 -0.802534 -0.289178 0.106266 0.391707 0.574463 0.672705 0.710858 -2.74546 -2.08400 -1.43794 -0.835577 -0.308117 0.110805 0.393072 0.575193 0.679989 0.722640 -2.81381 -2.13753 -1.47931 -0.868987 -0.335720 0.0934048 0.398373 0.585958 0.690034 0.732718 -2.90611 -2.20042 -1.51505 -0.886106 -0.349035 0.0750637 0.387204 0.590517 0.702792 0.753905 -2.95628 -2.24234 -1.54314 -0.897114 -0.353003 0.0705464 0.376065 0.582349 0.705377 0.771691 -2.96462 -2.27374 -1.60165 -0.965215 -0.407321 0.0457209 0.380923 0.602405 0.730200 0.783760 -2.93153 -2.25471 -1.59110 -0.966328 -0.422342 0.0222458 0.360580 0.597787 0.740857 0.800982 -2.87341 -2.20908 -1.55869 -0.943592 -0.402420 0.0240625 0.347625 0.582710 0.738378 0.811352 -2.75552 -2.12636 -1.50966 -0.928598 -0.412873 0.0189676 0.344823 0.578214 0.731371 0.809094 -2.67186 -2.05404 -1.45410 -0.890929 -0.387752 0.0339168 0.356817 0.574157 0.714764 0.787393 -2.50222 -1.93850 -1.38430 -0.850248 -0.366140 0.0350448 0.344014 0.565849 0.708023 0.768239 -2.30142 -1.77603 -1.26582 -0.793540 -0.361005 0.0135981 0.319723 0.552796 0.700357 0.771274 -2.06309 -1.64711 -1.22253 -0.791159 -0.400168 -0.0226632 0.315981 0.562681 0.705926 0.762436 -2.03118 -1.65198 -1.23766 -0.795807 -0.367759 0.0215175 0.333354 0.559102 0.689070 0.733850 -1.99569 -1.60067 -1.20166 -0.780098 -0.350480 0.0269483 0.340779 0.555923 0.680186 0.725523 -1.99086 -1.58860 -1.20660 -0.793177 -0.328749 0.0678046 0.350122 0.569760 0.667717 0.691750 -2.02478 -1.59688 -1.16640 -0.736618 -0.329269 0.0281130 0.314198 0.530419 0.675941 0.738733 -2.17733 -1.64324 -1.12801 -0.649919 -0.258518 0.0447810 0.294770 0.504830 0.659692 0.737649 -2.34249 -1.77438 -1.19642 -0.664528 -0.224084 0.0999588 0.331006 0.510849 0.641139 0.721314 -2.34656 -1.78604 -1.24249 -0.716965 -0.284506 0.0524615 0.322370 0.521190 0.666511 0.756254 -2.35451 -1.78262 -1.22813 -0.736579 -0.313077 0.0262552 0.292251 0.526308 0.689971 0.775964 -2.31862 -1.78185 -1.25975 -0.776550 -0.354604 0.0116440 0.311958 0.545891 0.698360 0.774062 -2.27714 -1.76513 -1.26337 -0.788273 -0.360643 0.0101965 0.311704 0.542330 0.699374 0.778308 -4.72523 -3.84293 -2.96589 -2.10360 -1.27125 -0.506534 0.138719 0.637299 0.983270 1.15932 -4.78633 -3.93027 -3.08014 -2.24732 -1.44154 -0.680479 0.00538961 0.585718 1.01887 1.25597 -4.53481 -3.63124 -2.74054 -1.88137 -1.08249 -0.378981 0.203409 0.651060 0.953013 1.09698
# log_q_srv[1]:
0.00000000000
# log_q_srv[2]:
0.00000000000
# log_q_srv[3]:
0.00000000000
# log_selcoffs_srv:
 -6.95319135924 -5.80479822271 -4.66743543689 -3.55186436748 -2.47459492770 -1.44399991965 -0.500155964571 0.365791760227 1.05898127405 1.54941716675 -2.09363361331 -1.33623729350 -0.670438745308 -0.104505431359 0.252633060490 0.328021535991 0.328374905746 0.346298794862 0.340509940915 0.295524863231 -2.85929526508 -2.26787099826 -1.70290841691 -1.18178679853 -0.706243495579 -0.271152238596 0.229152542618 0.666075444440 0.912220750099 0.876783438059
# fmort_dev_est:
 -0.0229006746694 1.49725502866 1.41705266302 1.33377540283 0.912809426726 -0.285250194956 -2.27615418731 -2.44716775294 -1.07174982078 -2.55521659519 0.605463443072 -2.37226463900 0.499419317713 1.16335936692 0.229526207760 2.52887798879 1.96008188418 2.37840511021 2.67698859699 -0.803754966009 -0.486112313259 -1.07624814552 -1.80921025582 -2.06538143571 -0.904636166817 -0.980585598996 -0.990103626801 -0.903733989232 -1.34301702507 -0.00826374313912 0.389018962704 0.526056449626 0.571768309898 0.159834445218 -0.288232865897 -0.350981093088 -0.425177959898 0.0408300448369 0.267640211344 0.306961540255 0.547919877965 0.961290569812 0.684960221594 0.606385467086 0.554271608258 0.389554673052 0.459239317331 -0.0553631355016 0.0350201931348 -1.04794207882 -0.926838349189 -0.859282370601 -0.869286200369 -0.909996632780 -0.665999124527 0.116549442725 -0.774186729657 -1.02277085637 -0.704630550431 -1.60714416955 -0.143654452959 0.209762268445 0.116492520126 -0.160774655118 0.666443362526 0.612491918313 0.864456785858 0.656957516903 0.996628079834 1.13034097424 2.10214602907 2.32329807009 -5.54097190375 -0.908129798048 -1.89389788175 -2.41632241923 -3.57382003971 2.34343836755 3.03718194906 -0.450916561946 1.51228428347 3.15808947761 1.25445173856 1.06185442693 3.25755407050 3.16573996148 1.81593829982 -2.08312913809 -3.75914942798 -2.27111414877 -1.64616929569 -1.75751238624 -0.958267537219 -0.808321367078 -7.40805392351 -4.18314558320 -2.29781601976 -1.66208061905 -1.08905326614 0.391079419150 2.33913690877 2.24762763495 1.46490491319 1.14813845378 1.43745505093 1.77309460572 2.49770311992 1.95241541791 2.80225931660 3.28000214277 1.82708137317 0.918873902456
# log_avg_fmort:
 -3.46412196871 -1.48694151914 -2.19926914264 -6.18378755850 -4.28201628504
# dummy:
0.00000000000
# dummy2:
0.00000000000
