# Number of parameters = 641 Objective function value = 25834.5  Maximum gradient component = 9369.27
# MEst:
 0.351664 0.0842759 0.0957574
# log_gam_a:
 1.34193e-007 0.924807 2.90510
# log_gam_b:
 0.262887 5.23707 -2.73403
# Q_other_est[1]:
 4.26892 9.41849 7.17596 6.36641 5.98125 5.51664 5.16839 4.87411 4.49835 4.26064 4.07085 3.81691 3.12044 3.20558 3.41543 3.22138
# Q_other_est[2]:
 0.815156 16.1512 16.1204 16.1014 16.0458 15.9675 15.9303 15.8782 15.8173 15.7454 15.7047 15.6881 15.6466 15.6334 15.4883 14.7874
# Q_other_est[3]:
 6.36332 12.6226 12.3997 12.2678 12.1472 11.7063 11.7886 10.9943 10.5766 10.4766 10.4988 10.7674 10.2686
# logH_1:
 -7.54365 -8.86855 -9.24971 -3.44691 -6.75135 -7.36136 -7.77722 -14.1140 -8.23685 -6.93254 -7.36517 -11.0295
# logH_1a:
 29.3645 78.3241 -97.6217
# logH_1b:
 -31.8157 -85.4275 119.516
# logH_2:
 -44.6407 3.39885 5.47746 4.27141 -22.6378 17.3958 1.04605 -5.17069 3.10297
# logH_3:
 -9.00000 -9.00000 -9.00000 -9.00000 -9.00000 -9.00000 -9.00000 -9.00000 -9.00000
# H_4:
 1.00000 1.00000 1.00000 1.00000 1.00000 1.00000 1.00000 1.00000 1.00000
# steepness:
 0.700000 0.800000 1.00000
# log_Rzero:
 12.3394 7.98404 3.97617
# rec_dev:
 0.254332 -0.628254 -0.542116 0.0890424 -0.238397 0.109153 -0.437731 -0.0693458 -0.215925 -0.247793 -0.551731 -0.282620 0.182290 -0.361572 0.204388 0.0566923 -0.225862 -0.446166 -0.562019 -0.214595 0.256997 0.302438 -0.292239 -0.443877 -0.498302 -0.203285 -0.231792 -0.245309 -0.157779 -0.204369 -0.410387 -0.487586 -0.614705 -1.12960 -1.07867 -0.806783 -0.0260126 -0.185903 0.768879 -0.487246 -0.311954 0.406171 -0.568449 -0.203175 -0.0495198 -0.0843370 -0.293709 -0.819333 0.213664 -0.870662 -0.528153 -0.453865 -0.0595001 -0.280093 -0.429599 -0.349781 -0.672573 -0.527141 -1.00839 -0.633844 -0.0766921 -0.160677 -0.389858 -0.587096 -0.0835033 -0.184607 -0.251442 0.0689878 0.345853 0.000878113 -0.274559 -0.105994 -1.03576 -1.20073 -0.702207 0.496143 0.413603 -0.673454 -0.651248 -0.325405 -0.205941 -0.195454 -0.288307 -0.0794591 0.424146 0.891496 -0.397911 -0.591957 -0.560298 -0.251780 0.138126 -0.396347 -0.260192 -0.196917 -0.589461 -0.877464 0.0446194 0.105430 -0.357882 -0.0967007 0.0406493 -0.623271 0.105975 0.124602 -0.413799 -0.0299304 0.157342 -0.0534568 0.0856316 -0.343135 -0.332553 -0.722893 -0.279479 -0.121077 -0.0687996 -0.650371 -0.427358
# log_sigmar:
 -0.693147 -0.510826 -0.693147
# log_selcoffs_fsh:
 -9.75175 -7.63808 -5.57341 -3.63968 -1.95487 -0.630672 0.171772 0.442660 0.492692 0.676431 0.850880 0.954041 -6.05086 -4.70948 -3.28317 -1.69152 -0.524315 0.100417 0.401124 0.640463 0.807844 0.884911 -6.24756 -4.64413 -3.02256 -1.61852 -0.707416 -0.0797099 0.252120 0.654067 0.897180 0.974909 -6.42522 -4.83462 -3.27908 -1.88745 -0.781718 -0.0860960 0.436641 0.745805 0.855266 0.885801 -6.36042 -4.83638 -3.37721 -1.94912 -0.686524 0.201283 0.548267 0.667544 0.784376 0.798026 -6.31934 -4.74590 -3.19582 -1.76640 -0.679071 0.175932 0.555484 0.779922 0.751152 0.711176 -6.49935 -4.60316 -2.79491 -1.32241 -0.393970 0.229841 0.599263 0.630013 0.687679 0.711815 -6.62969 -4.62446 -2.63031 -0.908341 0.0177409 0.380176 0.559135 0.543371 0.461900 0.680135 -6.39741 -4.51875 -2.80109 -1.38587 -0.456850 0.107167 0.443667 0.646335 0.737444 0.866247 -6.28047 -4.58713 -2.91523 -1.39045 -0.434657 0.179454 0.411655 0.490132 0.722680 0.966856 -5.93618 -4.32004 -2.75311 -1.25239 -0.243418 0.251722 0.334504 0.546890 0.736340 0.855484 -5.80531 -4.22880 -2.73027 -1.42253 -0.409770 0.215732 0.461241 0.603028 0.734101 0.820136 -5.83693 -4.17703 -2.61194 -1.19461 -0.0251954 0.310794 0.227860 0.411330 0.720382 0.894473 -5.89752 -4.38981 -2.91933 -1.49166 -0.261374 0.390159 0.481819 0.502764 0.659041 0.810522 -5.58606 -4.17407 -2.82189 -1.62402 -0.664278 0.0615038 0.432762 0.662391 0.809814 0.883840 -5.47807 -4.08945 -2.76935 -1.61207 -0.711075 -0.0831478 0.426412 0.676417 0.835569 0.912215 -5.58936 -4.10775 -2.74671 -1.59216 -0.540901 0.222033 0.436930 0.547529 0.749099 0.908711 -5.71441 -4.12740 -2.60108 -1.25801 -0.227589 0.180240 0.277817 0.489123 0.742903 0.943728 -5.72943 -4.14627 -2.59089 -1.25828 -0.366402 0.165343 0.462667 0.629741 0.701569 0.818588 -5.60119 -4.04017 -2.56194 -1.32078 -0.464201 0.0340965 0.349954 0.662642 0.826828 0.838238 -5.74905 -4.19711 -2.75674 -1.52207 -0.526563 0.198293 0.522298 0.655425 0.711666 0.800786 -6.23442 -4.42999 -2.65576 -1.16695 -0.180095 0.355203 0.491887 0.402720 0.618659 0.846082 -6.49099 -4.80904 -3.08156 -1.50553 -0.427008 0.212539 0.427291 0.494056 0.775992 0.903654 -6.68304 -5.05488 -3.36035 -1.64175 -0.596410 0.0100474 0.394780 0.735796 0.867468 0.802065 -6.45843 -4.91722 -3.40960 -1.97424 -0.733645 -0.100780 0.418324 0.700087 0.846133 0.941144 -6.28908 -4.81152 -3.38561 -2.09294 -1.01823 -0.201539 0.362540 0.721422 0.911416 0.976774 -4.68915 -3.56047 -2.51333 -1.49801 -0.507088 0.222307 0.583110 0.714045 0.698009 0.674937 -5.22288 -3.90722 -2.65123 -1.52266 -0.499355 0.310687 0.739834 0.808087 0.618435 0.415159 -4.57713 -3.44906 -2.32384 -1.22972 -0.226077 0.453251 0.796605 0.714992 0.498950 0.250633
# log_q_srv[1]:
0.00000000000
# log_q_srv[2]:
0.00000000000
# log_q_srv[3]:
0.00000000000
# log_selcoffs_srv:
 -10.2416460430 -7.20895599727 -4.51703895534 -2.45308719995 -1.21312259489 -0.652252816722 -0.383003176143 0.0335823868140 0.757231359296 1.65276972955 -5.79261013172 -3.42694807051 -1.27554642074 0.0292071327204 0.396560755210 0.404541366644 0.345874650767 0.420697660165 0.406533875138 0.205748549204 -2.90390131507 -1.34424075814 -0.220330231598 0.368450696522 0.693898320552 0.709355147627 0.421165245261 0.0837440723458 -0.651569109606 -1.30424165079
# fmort_dev_est:
 -0.628643922666 0.960575343878 0.972340734187 1.01838704637 1.00368288569 -0.0446441958623 -2.09657663433 -2.28498677374 -0.988031429148 -2.50949712878 0.554595576040 -2.46886850059 0.422477624551 1.07489050003 0.195917484768 2.54882287448 2.10861330707 2.45329332417 2.72004028637 -0.733267440903 -0.405910809585 -0.980558830238 -1.49300763873 -1.40022023242 0.655278310069 0.444329669416 0.0112637527040 -0.509470541513 -1.31226549709 -0.172441996912 0.0750918756355 0.300709046791 0.480077310279 -0.163158382732 -0.671612733957 -0.738149786868 -0.823837180038 -0.239998604722 0.0153532184417 -0.0129796365919 0.251030576925 0.569630649980 0.362497358873 0.253562007252 0.208730775819 0.182294841823 0.529917437414 0.189370999394 0.107892022091 -1.25970659358 -1.11908070947 -1.08002598769 -1.17910070233 -1.27185875847 -1.05969930873 -0.336054265150 -1.23387334333 -1.39636649568 -0.896801220329 -1.59248480367 -0.0533861721440 0.279395512196 0.218044450832 -0.0387309281211 0.776795139012 0.671557753683 0.993032481080 0.930273039661 1.34660318863 1.41535671009 2.49204632154 3.38883573720 -5.84427771070 -1.28977898568 -2.31575741487 -2.79844273248 -3.81645287128 2.31452984644 3.11175266740 -0.401587544306 1.59194234335 3.20051228479 1.25262364888 1.11497624387 3.41266863393 3.37823037323 1.94820722502 -1.92607079183 -2.93442317439 -2.39048211247 -1.77498890814 -1.94692120238 -1.23560450355 -1.11944880843 -7.72243465623 -4.55929700067 -2.70017664277 -2.01271539482 -1.27434990043 0.415789171857 2.45386109129 2.33508929947 1.55851950828 1.24548933945 1.52037778891 1.84871854371 2.63391509139 2.18658113904 3.06055635315 3.45944390240 2.12728825083 1.89005285943
# log_avg_fmort:
 -3.25379683097 -1.06574166107 -3.20281898703 -7.09918980528 -5.11629721730
# dummy:
0.00000000000
# dummy2:
0.00000000000
