# Number of parameters = 641 Objective function value = 25835.0  Maximum gradient component = 287.863
# MEst:
 0.369178 0.103724 0.101694
# log_gam_a:
 1.88510e-005 0.938244 2.89079
# log_gam_b:
 0.443119 4.20391 -2.71823
# Q_other_est[1]:
 4.32267 9.47709 7.26120 6.45187 6.09357 5.64788 5.34067 4.94133 4.70376 4.46340 3.91928 3.89869 3.74334 3.69001 3.09562 3.36162
# Q_other_est[2]:
 4.70220 14.4902 14.4572 14.4325 14.3839 14.3166 14.2895 14.2482 14.2037 14.1600 14.1319 14.1394 14.1354 14.1308 14.1706 13.7591
# Q_other_est[3]:
 8.87987 15.0059 14.7842 14.6585 14.4791 14.1176 14.1800 13.3454 12.9698 13.0141 12.9387 13.2160 12.7048
# logH_1:
 -7.62453 -9.02606 -9.94699 -3.71328 -6.84460 -7.47078 -7.75489 -12.4655 -8.23523 -6.95183 -7.45736 -13.4198
# logH_1a:
 -11.9438 7.33757 -141.382
# logH_1b:
 14.7465 -11.3187 -114.009
# logH_2:
 -310.606 3.47511 -39.9853 4.53624 -35.5694 18.5782 0.589737 -22.0020 28.3063
# logH_3:
 -9.00000 -9.00000 -9.00000 -9.00000 -9.00000 -9.00000 -9.00000 -9.00000 -9.00000
# H_4:
 1.00000 1.00000 1.00000 1.00000 1.00000 1.00000 1.00000 1.00000 1.00000
# steepness:
 0.700000 0.800000 1.00000
# log_Rzero:
 12.2938 7.99387 3.96484
# rec_dev:
 -0.391750 0.114364 -0.191964 -0.213832 -0.387089 0.241573 -0.208452 -0.508743 0.332963 -0.197774 -0.498589 -0.0975038 -0.128043 -0.400577 0.295615 0.145772 -0.0941060 -0.423828 -0.542434 -0.165815 0.259470 0.261594 -0.348970 -0.460095 -0.550635 -0.218847 -0.260770 -0.241052 -0.178776 -0.179155 -0.380033 -0.476377 -0.546365 -0.951515 -1.04516 -0.789519 0.0218775 -0.213989 0.796824 -0.512991 0.0560441 -0.0898559 -0.344899 -0.229242 -0.543424 -0.530148 -0.352668 -0.897098 -0.861395 0.196866 -0.575859 -0.588056 -0.00885904 -0.288734 -0.461270 -0.392408 -0.573323 -0.544636 -0.959373 -0.615433 -0.0903923 -0.250476 -0.296265 -0.602878 -0.101831 -0.278160 -0.155356 0.0363103 0.392029 -0.0358053 -0.328460 0.0473464 -1.13520 -1.26392 -0.573567 0.607695 0.311216 -0.683020 -0.631028 -0.311606 -0.360761 -0.459638 -0.362847 -0.243691 0.196624 1.09372 -0.759710 -0.874454 -0.659842 -0.315791 0.0474900 -0.170354 -0.611238 -0.115632 -0.684048 -1.04614 0.0441012 0.0418381 -0.512294 -0.181998 0.0780696 -0.763042 0.131062 0.0919272 -0.311566 -0.104057 0.225603 0.0106673 0.107163 -0.458283 -0.265330 -0.646673 -0.187491 -0.145870 0.00698494 -0.504011 -0.432994
# log_sigmar:
 -0.693147 -0.510826 -0.693147
# log_selcoffs_fsh:
 -9.64592 -7.50709 -5.44607 -3.52968 -1.85811 -0.588730 0.147401 0.456165 0.514113 0.668682 0.862114 0.925339 -7.01150 -5.35576 -3.70410 -2.10481 -0.622070 -0.00144745 0.419653 0.690311 0.842710 0.908762 -7.04880 -5.33485 -3.71128 -2.26394 -0.989844 -0.102698 0.350276 0.716189 0.931232 0.951688 -7.05066 -5.37801 -3.73157 -2.21807 -1.05498 -0.302316 0.370376 0.811608 0.932384 0.927654 -6.95526 -5.33509 -3.74796 -2.22493 -0.916565 0.106418 0.591275 0.699463 0.801732 0.836324 -6.83938 -5.14165 -3.49654 -1.96760 -0.642490 0.188918 0.549480 0.682508 0.765524 0.798119 -6.71859 -4.77577 -2.92459 -1.39365 -0.353388 0.263024 0.501456 0.544006 0.688087 0.843481 -6.59067 -4.50879 -2.49642 -0.846366 0.0543943 0.311349 0.287017 0.347554 0.581736 0.924185 -6.59104 -4.70271 -2.91281 -1.32106 -0.330327 0.108890 0.487317 0.704021 0.775807 0.699716 -6.30572 -4.62264 -2.98789 -1.60599 -0.762388 -0.162700 0.390009 0.797812 0.881264 0.836551 -6.17900 -4.40849 -2.77798 -1.51046 -0.555324 -0.0481885 0.280652 0.650700 0.878415 0.929920 -5.76327 -4.26427 -2.83408 -1.57562 -0.571481 0.0970629 0.417383 0.623738 0.794600 0.895735 -5.51941 -4.18959 -2.80120 -1.32770 -0.161021 0.262913 0.295541 0.485757 0.718067 0.909500 -5.48941 -4.11722 -2.73864 -1.48466 -0.527966 0.305730 0.592180 0.505324 0.662492 0.846970 -5.25675 -3.98287 -2.76739 -1.69188 -0.795946 -0.0465335 0.456919 0.722452 0.843498 0.861173 -5.18680 -3.91170 -2.69437 -1.62750 -0.797840 -0.175939 0.371069 0.754060 0.879862 0.889725 -5.28930 -3.94358 -2.61649 -1.41262 -0.554830 0.129507 0.438597 0.628935 0.705023 0.914953 -5.50273 -3.85463 -2.33379 -0.967321 -0.0114449 0.223851 0.231366 0.440869 0.679577 0.904599 -5.66555 -4.09639 -2.53239 -1.11629 -0.113210 0.356503 0.443841 0.489725 0.684669 0.731538 -5.65642 -4.03792 -2.51077 -1.23557 -0.361561 0.154553 0.551163 0.708390 0.687402 0.686187 -5.88682 -4.16873 -2.57548 -1.15478 -0.0788007 0.380833 0.519047 0.505647 0.610702 0.700945 -6.09747 -4.20928 -2.49291 -0.985913 0.0180618 0.307175 0.351875 0.414652 0.609622 0.865591 -6.15023 -4.35806 -2.60931 -1.03006 0.0792039 0.464774 0.506642 0.468586 0.502305 0.670716 -6.22391 -4.56127 -2.87293 -1.28412 -0.251783 0.369517 0.637607 0.584672 0.643656 0.619320 -6.09801 -4.57576 -3.09392 -1.67140 -0.291159 0.453702 0.606636 0.609338 0.642460 0.612637 -5.91227 -4.41498 -2.96344 -1.64114 -0.557630 0.184507 0.575512 0.725382 0.740971 0.705699 -4.09125 -3.22442 -2.41094 -1.57354 -0.656092 0.0918053 0.531306 0.764304 0.801245 0.673278 -4.92189 -3.65551 -2.47673 -1.43016 -0.505397 0.221444 0.626832 0.809041 0.687860 0.518572 -5.08625 -3.66414 -2.29947 -1.06638 -0.0666650 0.563757 0.760657 0.664009 0.405861 0.221675
# log_q_srv[1]:
0.00000000000
# log_q_srv[2]:
0.00000000000
# log_q_srv[3]:
0.00000000000
# log_selcoffs_srv:
 -10.9833303552 -7.53847660539 -4.47783408194 -2.16889464312 -0.999857068411 -0.557155421395 -0.404638311065 -0.0919499866455 0.727645029986 1.66478722056 -5.58510197278 -3.40949203573 -1.33357027311 -0.00876636626052 0.394805931534 0.430925672472 0.350572556347 0.351908988756 0.385120459023 0.324680419951 -3.10680874891 -1.59897544695 -0.399948868026 0.334963773114 0.736304846225 0.860756507021 0.435320873249 0.0179971767670 -0.789731660937 -1.54680488266
# fmort_dev_est:
 -0.853735255019 0.858960468510 0.891230872903 0.951269925907 0.976551239564 -0.0312206062783 -2.07000300156 -2.28174121226 -0.964479875124 -2.48873732713 0.591416260995 -2.41168919459 0.501272879596 1.16914012977 0.293181599747 2.64826283158 2.17516977794 2.52918802164 2.73294927927 -0.778760479125 -0.462912353870 -0.999788830441 -1.52030342116 -1.45207162062 0.993566355301 0.763874492878 0.308948304876 -0.409627931321 -1.26265515856 -0.0407158422807 0.242999623605 0.185469547496 0.509958799710 0.113660386326 -0.482971832488 -0.674369677367 -0.774303119193 -0.227510578331 0.0336026845883 0.0450400904553 0.208138788558 0.449504176432 0.216012160422 0.103721148828 0.160152311206 -0.108801443258 0.250908433206 -0.226705526740 -0.379892839188 -1.19328412372 -1.06376849651 -1.02407046205 -1.14890044478 -1.26008436785 -1.05346739762 -0.340948844406 -1.25067549049 -1.39513612590 -0.911927758598 -1.62218361887 -0.0833549749338 0.250920026413 0.169083896865 -0.0823718953752 0.726423307791 0.638578255342 0.979241802462 0.925377405386 1.34682452850 1.41376479390 2.52304574190 3.45983523449 -5.87005096920 -1.32577294732 -2.35124265968 -2.80188528316 -3.82216207042 2.29903059936 3.08661995677 -0.431987233356 1.57413612841 3.17939449365 1.23056621680 1.09828406893 3.41650330956 3.40152428816 1.99259410035 -1.85353615520 -2.82319267341 -2.34845809132 -1.75017361107 -1.90188990281 -1.20246811781 -1.09788021736 -7.72580067358 -4.57176479530 -2.72566051222 -2.02125900840 -1.27820184230 0.411725435877 2.43138565174 2.30886164875 1.52336893380 1.22637708009 1.50307278535 1.83842287593 2.61379730233 2.15308188710 3.05510584115 3.49859377547 2.16428825809 1.89351968174
# log_avg_fmort:
 -3.33582868656 -1.12707966823 -3.22702701027 -7.16442715517 -5.13222427124
# dummy:
0.00000000000
# dummy2:
0.00000000000
