# Number of parameters = 641 Objective function value = 51358.8  Maximum gradient component = 2166.03
# MEst:
 0.381082 0.121035 0.0955057
# log_gam_a:
 5.90020e-005 0.963118 2.88714
# log_gam_b:
 0.362002 2.10044 -2.71802
# Q_other_est[1]:
 3.76473 9.58375 7.38127 6.54160 6.15336 5.73362 5.47258 5.21193 4.98549 4.50697 4.36927 4.11835 4.23965 4.31368 3.55578 3.60708
# Q_other_est[2]:
 5.05317 14.8814 14.8502 14.8185 14.7637 14.7018 14.6805 14.6384 14.5927 14.5477 14.5217 14.5297 14.5342 14.4827 14.5735 14.2121
# Q_other_est[3]:
 1.44745 7.98143 7.75335 7.63838 7.49201 7.06686 7.19343 6.26701 5.89686 5.91310 5.90820 6.18095 5.66249
# logH_1:
 -7.70268 -9.13016 -9.22777 -4.05482 -6.93348 -7.44391 -8.19683 -12.8576 -8.36695 -7.01690 -7.30856 -6.39128
# logH_1a:
 -298.598 -425.792 37.3286
# logH_1b:
 491.889 383.612 -103.395
# logH_2:
 -58.8570 3.58795 8.54091 3.33193 -16.4899 5.40324 0.759001 -20.1506 4.38733
# logH_3:
 -9.00000 -9.00000 -9.00000 -9.00000 -9.00000 -9.00000 -9.00000 -9.00000 -9.00000
# H_4:
 1.00000 1.00000 1.00000 1.00000 1.00000 1.00000 1.00000 1.00000 1.00000
# steepness:
 0.700000 0.800000 1.00000
# log_Rzero:
 12.4861 8.14819 3.67087
# rec_dev:
 0.302959 -0.304473 -0.0402450 -0.262559 -0.316044 -0.577663 0.144243 -0.198839 -0.165037 -0.254410 -0.292638 -0.551806 -0.115652 -0.393495 0.263272 0.132603 -0.185729 -0.491181 -0.607350 -0.176951 0.298238 0.274405 -0.414042 -0.538520 -0.638851 -0.291618 -0.338073 -0.321062 -0.255469 -0.257406 -0.470402 -0.570379 -0.634222 -1.08356 -1.19038 -0.897446 -0.0235742 -0.270010 0.742803 -0.622701 -0.271970 0.0962645 -0.133547 0.121386 -0.517162 -0.565607 -1.03330 -0.226230 -0.609115 -0.853969 -0.488435 -0.841439 -0.374343 -0.283931 -0.494818 -0.390500 -0.601693 -0.553647 -0.961504 -0.599323 -0.0628979 -0.229049 -0.315172 -0.627969 -0.112051 -0.277369 -0.150770 0.0506091 0.410828 -0.0299418 -0.315247 0.0744947 -1.16749 -1.33335 -0.611768 0.619327 0.431568 -0.701949 -0.639060 -0.350938 -0.114757 -0.402974 -0.548870 -0.0504599 -0.0884580 1.05074 -0.384650 -0.328556 -0.435346 -0.00779099 0.239248 0.0192258 -0.266805 0.0524882 -0.402126 -0.891684 0.164472 0.233906 -0.200379 -0.0716387 0.0965252 -0.614034 0.0811956 0.0953873 -0.374670 -0.129493 0.182336 -0.0364839 0.0687391 -0.550344 -0.333416 -0.780231 -0.297671 -0.343324 -0.148153 -0.703865 -0.334531
# log_sigmar:
 -0.693147 -0.510826 -0.693147
# log_selcoffs_fsh:
 -9.82362 -7.64016 -5.54111 -3.58030 -1.86453 -0.565167 0.161486 0.463023 0.476113 0.650407 0.882599 0.928777 -7.43089 -5.68280 -3.94404 -2.30427 -0.659706 -0.122704 0.194911 0.572627 0.913583 1.10127 -7.61678 -5.77415 -4.07566 -2.62292 -1.32008 -0.404888 0.0471255 0.555273 1.05138 1.19865 -7.67431 -5.90592 -4.16525 -2.58867 -1.45797 -0.765512 0.00270554 0.618581 1.04053 1.25548 -7.65541 -5.90861 -4.18508 -2.50210 -1.08568 0.0186386 0.513895 0.598221 0.846572 1.00038 -7.49943 -5.65055 -3.85885 -2.17692 -0.695692 0.161146 0.489054 0.624970 0.796402 0.904787 -7.31029 -5.12628 -3.05306 -1.41531 -0.385690 0.239005 0.469934 0.476706 0.681750 0.942805 -7.09618 -4.76264 -2.52403 -0.759593 0.113255 0.287376 0.170712 0.227809 0.547101 1.03645 -7.11692 -5.03372 -3.07558 -1.32620 -0.334693 0.0287163 0.488410 0.738951 0.815462 0.666299 -6.72075 -4.92895 -3.17045 -1.70036 -0.898210 -0.314385 0.325035 0.842299 0.932419 0.865834 -6.61905 -4.64830 -2.87955 -1.62765 -0.673479 -0.197881 0.117532 0.620777 0.960285 1.03143 -6.05283 -4.48026 -2.98495 -1.67330 -0.619793 0.0730773 0.372937 0.589401 0.815734 0.964930 -5.66405 -4.36154 -2.94416 -1.33464 -0.0777658 0.283836 0.209603 0.408501 0.701057 0.977604 -5.73213 -4.29342 -2.81154 -1.48790 -0.561392 0.372657 0.639383 0.410924 0.612743 0.887662 -5.51431 -4.18191 -2.91758 -1.81542 -0.898587 -0.0901799 0.458677 0.741587 0.869954 0.861693 -5.44324 -4.09911 -2.82008 -1.71431 -0.887880 -0.275725 0.336495 0.771196 0.912775 0.922791 -5.55278 -4.14860 -2.73446 -1.44827 -0.619085 0.131430 0.414675 0.606048 0.659323 1.00057 -5.86779 -4.03314 -2.40788 -0.947581 0.0638537 0.191074 0.130525 0.404688 0.666005 0.969161 -6.11298 -4.41301 -2.69460 -1.12716 -0.0699521 0.379513 0.409659 0.437936 0.721035 0.734539 -6.05322 -4.29373 -2.64466 -1.30391 -0.447684 0.0551399 0.562087 0.778855 0.710921 0.686771 -6.27472 -4.40521 -2.70743 -1.17728 -0.0244846 0.394954 0.522068 0.453374 0.599619 0.727965 -6.47098 -4.37213 -2.54378 -0.941559 0.0516629 0.245819 0.266436 0.338020 0.592638 0.980829 -6.48419 -4.50655 -2.60218 -0.876543 0.280979 0.508184 0.465422 0.374455 0.407382 0.672546 -6.70155 -4.86220 -2.96192 -1.18049 -0.132691 0.469435 0.681132 0.490795 0.590837 0.555006 -6.58195 -4.91838 -3.30406 -1.76138 -0.191800 0.631501 0.664680 0.562315 0.562305 0.487508 -6.36888 -4.73058 -3.14178 -1.69534 -0.514974 0.270390 0.640286 0.736103 0.695649 0.619622 -3.82755 -3.08628 -2.40642 -1.63495 -0.660842 0.110271 0.524307 0.776274 0.825663 0.625915 -4.87910 -3.60775 -2.45364 -1.44961 -0.522625 0.230322 0.623247 0.851006 0.684898 0.474152 -5.03860 -3.65347 -2.30844 -1.06947 -0.0547136 0.587623 0.770629 0.674897 0.378137 0.183199
# log_q_srv[1]:
0.00000000000
# log_q_srv[2]:
0.00000000000
# log_q_srv[3]:
0.00000000000
# log_selcoffs_srv:
 -11.4520518983 -7.68791452947 -4.36985977790 -1.90837487370 -0.872600879572 -0.583365192017 -0.486834550294 -0.206381031287 0.676249712394 1.69894381876 -5.95731128024 -3.63580144678 -1.35633835480 -0.00274370966943 0.364607548802 0.411707404683 0.320454498834 0.332475763606 0.430577627754 0.376418631917 -2.87770846347 -1.46319868604 -0.339520561693 0.339763014713 0.706323622169 0.841141859148 0.357971686885 0.0752446295073 -0.664626730369 -1.48550003124
# fmort_dev_est:
 -1.10859929180 0.537799428046 0.770595650651 0.875659232874 0.911769508615 -0.0433767974638 -2.03845885908 -2.25910281002 -0.960632487070 -2.49837694143 0.618974816713 -2.38042542048 0.533882134943 1.19657410199 0.330857267253 2.65084160941 2.19180921381 2.58192577583 2.79195930507 -0.697428399077 -0.368608182932 -0.897882035834 -1.41064696072 -1.32978207370 1.07638039589 1.13990879416 0.826189309391 -0.304432297318 -1.22748536113 -0.00630144400601 0.271151183279 0.102216547106 0.503425999545 0.193296257750 -0.501319354582 -0.729082414262 -0.849260181185 -0.309381592174 -0.0101937226229 0.0304746279146 0.163677075469 0.339105408893 0.132383401675 -0.00749022510236 0.125582022563 -0.207159586312 0.130441817334 -0.357154297285 -0.526551177866 -1.05809937458 -0.950250895241 -0.913284027262 -1.09690138580 -1.23422355653 -1.02669124077 -0.328104009419 -1.25665933503 -1.40630514692 -0.937113849717 -1.65904638177 -0.122855170750 0.219131816975 0.137803456242 -0.114224945719 0.699421961936 0.596175466583 0.931191891540 0.875566888897 1.31324346624 1.36698280488 2.51205885501 3.44627668382 -5.82013011366 -1.29464600357 -2.32864294055 -2.78769707045 -3.82458190610 2.28857478497 3.08194733271 -0.437916196819 1.57299233714 3.17352177219 1.21659971895 1.08124272764 3.38927037590 3.36539089632 1.96200020702 -1.86676202981 -2.77187806883 -2.21399928206 -1.66017989837 -1.82610459507 -1.17000519060 -1.07442389640 -7.70705665489 -4.56505475895 -2.72732898779 -2.03607341753 -1.30130870754 0.387863749120 2.40501039367 2.28230705292 1.50225264806 1.20383772644 1.47578550460 1.80310363761 2.56636056912 2.09412057358 3.02904327830 3.47434513586 2.14301735211 1.92116055495
# log_avg_fmort:
 -3.38360115185 -1.06644117431 -3.17246816536 -7.13494434187 -5.08092358375
# dummy:
0.00000000000
# dummy2:
0.00000000000
