# Number of parameters = 641 Objective function value = 51489.2  Maximum gradient component = 181819.
# MEst:
 0.398355 0.122420 0.0847584
# log_gam_a:
 1.57353e-006 0.933593 2.90789
# log_gam_b:
 0.280933 5.34224 -2.74220
# Q_other_est[1]:
 3.38726 9.67182 7.39261 6.66981 6.13931 5.79485 5.54953 5.35693 4.94866 4.86517 4.69975 4.51205 4.66276 3.85007 4.12183 3.81992
# Q_other_est[2]:
 4.50802 14.6860 14.6551 14.6258 14.5765 14.5027 14.4558 14.4037 14.3311 14.2703 14.2452 14.2465 14.1512 14.1687 14.2228 13.5359
# Q_other_est[3]:
 -2.06505 6.25605 6.03462 5.95353 5.75052 5.35659 5.39998 4.59755 4.13471 4.14621 4.27757 3.92384 3.92624
# logH_1:
 -8.63325 -9.87789 -9.63151 -5.14002 -7.04924 -7.40543 -8.31732 -12.6560 -9.47526 -7.94700 -7.78496 -5.54399
# logH_1a:
 0.586234 -0.301449 0.422367
# logH_1b:
 2.93923 -13.1041 15.8510
# logH_2:
 -11.0228 3.57069 29.3735 2.66326 -17.4613 0.458677 0.876143 -14.8241 5.55117
# logH_3:
 -9.00000 -9.00000 -9.00000 -9.00000 -9.00000 -9.00000 -9.00000 -9.00000 -9.00000
# H_4:
 1.00000 1.00000 1.00000 1.00000 1.00000 1.00000 1.00000 1.00000 1.00000
# steepness:
 0.700000 0.800000 1.00000
# log_Rzero:
 12.7889 8.27054 3.50665
# rec_dev:
 0.0842444 0.261470 0.299310 0.458497 -0.184057 -0.791321 -0.591935 0.303278 -0.198905 0.235565 -0.631653 -0.654182 -0.474520 -0.535886 -0.130414 -0.130946 -0.275453 -0.678523 -0.803352 -0.323720 0.361879 0.455087 -0.533767 -0.754126 -0.804336 -0.467652 -0.456400 -0.450271 -0.415824 -0.445972 -0.685056 -0.755560 -0.851942 -1.34550 -1.39457 -1.11246 -0.142488 -0.359369 0.661134 -0.650901 -0.365778 -0.507986 -0.690783 -0.0274376 -0.427571 -0.553288 -0.272965 -0.242124 -0.229653 0.152259 -0.317834 -0.868770 -0.531972 -0.131184 -0.487200 -0.332008 -0.603828 -0.403968 -0.938062 -0.515794 0.00353000 0.00249854 -0.324317 -0.543970 -0.193763 -0.265968 -0.175588 0.0224251 0.410803 -0.0284438 -0.307460 0.00867799 -1.11569 -1.14931 -0.719653 0.573256 0.429252 -0.714476 -0.662427 -0.411966 -0.210682 -0.161328 -0.518911 0.139823 -0.226396 -0.198607 1.18464 -0.170532 -0.426579 -0.316550 0.435760 0.293229 -0.262103 0.126513 -0.269239 -0.993876 0.319249 0.346863 0.222296 0.107056 0.253334 -0.615346 0.133009 0.212044 -0.452978 -0.0241052 0.281989 -0.144852 0.118681 -0.499103 -0.374629 -0.954391 -0.406776 -0.316881 -0.421310 -1.04339 -0.501169
# log_sigmar:
 -0.693147 -0.510826 -0.693147
# log_selcoffs_fsh:
 -9.73009 -7.53520 -5.41551 -3.47782 -1.97405 -0.742731 0.156042 0.514074 0.566618 0.612301 0.783128 0.995545 -7.50235 -5.38335 -3.51863 -2.12715 -0.839012 -0.0970567 0.292957 0.687306 0.943351 0.957645 -7.48705 -5.51157 -3.69926 -2.19026 -1.03672 -0.433395 0.159220 0.764839 1.00276 1.03042 -7.39203 -5.51269 -3.76746 -2.23219 -1.23131 -0.721295 -0.146248 0.677658 1.15888 1.12576 -7.37169 -5.69243 -4.08640 -2.60333 -1.38345 0.0345959 0.632143 0.681325 0.839134 0.891006 -7.28118 -5.48952 -3.72890 -2.07828 -0.872726 0.00360807 0.418414 0.799010 0.871261 0.832164 -7.06423 -5.16830 -3.44495 -1.95482 -0.822778 0.157691 0.676198 0.687058 0.719916 0.784239 -6.79187 -4.80069 -2.85096 -0.978306 -0.307901 -0.0542199 0.319463 0.593985 0.794687 0.910523 -6.99494 -5.02983 -3.14230 -1.68324 -0.524758 -0.0401595 0.401567 0.659675 0.961510 0.768828 -6.55757 -4.74054 -2.87229 -1.38238 -0.412413 0.116093 0.405205 0.551198 0.654323 1.00652 -7.08603 -5.30827 -3.57185 -1.94964 -0.568192 0.0251831 0.325902 0.672607 0.887250 0.904937 -6.82452 -5.02430 -3.31661 -1.84515 -0.719025 -0.00968509 0.314185 0.637796 0.869843 0.981172 -6.83601 -4.88991 -2.98381 -1.42708 -0.468414 -0.104836 0.0699273 0.528103 0.926832 1.05860 -6.61412 -4.79732 -3.12944 -1.63948 -0.511738 0.134854 0.333007 0.367911 0.888727 1.00770 -6.37022 -4.76373 -3.24432 -1.91726 -0.838629 0.0290608 0.494866 0.691608 0.820550 0.890695 -6.39387 -4.79204 -3.26674 -1.93605 -0.914834 -0.156491 0.552591 0.874041 0.833341 0.748661 -6.53671 -4.85902 -3.18987 -1.53046 -0.573068 0.0202814 0.443363 0.704836 0.864066 0.785145 -6.40633 -4.55035 -2.80315 -1.17796 -0.0831889 0.184108 0.258917 0.484428 0.778110 0.877754 -6.13413 -4.43634 -2.81916 -1.37059 -0.358983 0.200334 0.453471 0.543187 0.686372 0.906381 -5.90629 -4.21374 -2.60502 -1.27042 -0.387569 0.0990349 0.303096 0.560562 0.756198 0.960664 -5.96851 -4.35348 -2.76288 -1.29162 -0.139982 0.175061 0.282828 0.532890 0.686505 0.941644 -6.41015 -4.31979 -2.42058 -0.895435 -0.0356351 0.416620 0.472484 0.399607 0.574750 0.756167 -6.71011 -4.89486 -3.10295 -1.51347 -0.205341 0.378122 0.543151 0.503984 0.627389 0.789105 -6.29049 -4.93948 -3.48796 -1.89188 -0.685484 0.166565 0.418663 0.627071 0.893799 0.829912 -6.08253 -4.87256 -3.58535 -2.15786 -0.768156 0.171984 0.527817 0.730079 0.782807 0.806882 -5.98727 -4.68794 -3.39766 -2.16506 -1.07920 -0.197855 0.404559 0.764484 0.916424 0.927716 -3.58474 -2.86350 -2.14612 -1.37548 -0.563930 0.119791 0.514510 0.713589 0.744131 0.710045 -5.10586 -3.93742 -2.77390 -1.62940 -0.561931 0.216204 0.625840 0.908967 0.738079 0.378895 -4.06174 -3.07524 -2.07371 -1.18131 -0.292395 0.475361 0.816065 0.768823 0.491269 0.0905328
# log_q_srv[1]:
0.00000000000
# log_q_srv[2]:
0.00000000000
# log_q_srv[3]:
0.00000000000
# log_selcoffs_srv:
 -11.1898950159 -7.77049968608 -4.66810666340 -2.17581804251 -0.836297202788 -0.450454350938 -0.377999428368 -0.220973540691 0.659237706784 1.68392833928 -6.42725183948 -3.87077394126 -1.39404950857 -0.0569379441693 0.267327201005 0.316121348493 0.429222625685 0.451529643810 0.487128916353 0.314815376642 -2.38450728484 -1.20000822821 -0.271105647134 0.262655625717 0.663097741743 0.798625922131 0.419308527696 0.0480416599936 -0.652979934006 -1.24205409806
# fmort_dev_est:
 -1.35049551434 0.477374546086 0.642426439566 0.632793603580 0.799181891194 -0.201509047642 -2.19033610755 -2.26127773903 -0.882603295527 -2.44429539971 0.640474385121 -2.35324407732 0.621072095572 1.32377355302 0.409998115439 2.70205443617 2.20866950072 2.59028778406 2.88978222098 -0.575507247070 -0.246936753795 -0.811958507994 -1.34270373508 -1.27196830452 0.912839664251 0.777859707432 0.527856915357 -0.426718002772 -1.27843436302 -0.263927065562 0.131315846272 0.253331846086 0.439370248724 0.0936684549527 -0.376771659931 -0.453031916917 -0.681894775338 -0.365657625126 -0.257631147400 -0.210576349357 0.0251986267632 0.450113629567 0.273478804531 0.195477637024 -0.0399789445818 -0.103541798263 0.435541713489 -0.0219693800481 -0.0316418276175 -0.911733446444 -0.802472640762 -0.804634354718 -0.931274118770 -1.17000041143 -1.00839435886 -0.316890038474 -1.23679570242 -1.40612035858 -0.939219764627 -1.64771510938 -0.125503919205 0.192247653575 0.111001824147 -0.157635108124 0.656309749161 0.540793199303 0.855473106379 0.783932848809 1.24462453952 1.30849597305 2.43434621577 3.32942963053 -5.73932401425 -1.19310350423 -2.23772287014 -2.70045434850 -3.77807662883 2.32081458018 3.11565045352 -0.451332687877 1.55481610652 3.16958634090 1.18122725185 1.04664346564 3.34922283897 3.30598026080 1.90459753948 -1.94892900111 -2.90184551154 -2.16985232957 -1.42947383083 -1.70308698711 -1.05965741737 -1.06028839417 -7.65970251168 -4.48732359812 -2.65597115379 -1.97618605751 -1.28790366119 0.378131963455 2.39862475775 2.25709691678 1.46173805215 1.15113691165 1.43252240872 1.73490613678 2.50008475272 2.03140744398 2.95317009406 3.36559366510 2.02659521794 1.80001569012
# log_avg_fmort:
 -3.41011655092 -0.979022454856 -3.08786963010 -7.04434129373 -4.96155321455
# dummy:
0.00000000000
# dummy2:
0.00000000000
