################################################################################
#### Title: Dat file for ms
#### Filename: 5/1000_1000_1000_1000/ms.dat
#### Date: 2015-10-20 10:10:17
#### Author: Kelli Faye Johnson
#### Comment: File created using dat_write function
################################################################################
 # debug
0
 # pin
0
 # ResetPhasesToZero
0
 # Disc_first_phase
1
 # Disc_any_phases
1
 # Initial_phase
1
 # Terminal_phase
15
 # with_pred
1
 # resp_type
2
#styr, endyr
1979 2003
#species names
# poll%mack%cod
3
 # comp_type
1 1 2
 # oldest_age
15 15 12
 # l_bins
16 13 24
 # nfsh_spp
1 1 3
 # spp_fsh
1 2 3 3 3
# catch_bio
# pollock
6.383 31.029 22.972 19.993 17.224 6.3 0.87 0.704 2.72 0.574 0 10.462 0.554 8.515 16.15 5.969 57.991 23.039 25.795 23.34 0.606 0.908 0.571 0.318 0.3
# mackerel
23.264 20.488 19.688 19.874 11.726 36.055 37.86 31.99 30.061 22.084 17.994 22.205 26.74 50.035 65.737 69.59 81.554 103.943 65.845 58.31 56.231 47.227 61.612 45.594 60
# cod.trawl
0 0 7.173 7.921 8.028 7.177 6.108 6.904 13.097 4.998 4.239 6.932 3.414 14.558 17.312 14.382 10.574 21.179 17.349 20.531 16.437 20.362 15.826 27.929 27.706
# cod.pot
0 0 0 0 0 0 0 0.001 0.088 0.03 0.019 0.007 3.18 6.317 0 0.147 1.024 4.611 0.575 0.424 3.75 3.107 0.544 0.007 0.001
# cod.longline
0 0 0.261 0.476 0.402 0.804 0.829 0.001 0.022 0.137 0.284 0.602 3.203 22.108 16.86 7.009 4.935 5.819 7.151 13.771 7.874 16.183 17.817 2.865 0.942
# wt_fsh pollock
0 0 0.231427574 0.347582456 0.529292842 0.730646545 0.672683296 0.825035361 0.94354256 0.953150997 1.038098468 1.163848924 1.059772607 1.518558267 1.578840968 1.020588169
0 0 0.239236365 0.552588542 0.765126673 0.841229073 0.862929275 0.912856259 1.000234605 1.088977473 1.062840287 1.020429454 1.156808016 1.101892717 0.852054497 1.524232447
0 0 0 0.477806178 0.552104777 0.728620244 0.763716495 0.781740889 0.80962466 0.89533398 0.90209715 0.859815537 1.019919523 1.025903138 0.892917275 0.907931477
0 0 0 0.417916257 0.541372647 0.643631715 0.783820793 0.821999891 0.841650607 0.892089623 0.984183869 1.001088653 0.957527911 0.954594143 0.905790623 0.966036104
0 0 0 0.417916257 0.541372647 0.733333459 0.779637949 0.79541688 0.926441599 0.957375508 1.014598131 0.902409789 0.957527911 0.954594143 0.973962563 0.966036104
0 0 0.426016046 0.445904784 0.670549478 0.741947836 0.809931471 0.872081505 0.967956403 0.996316897 1.270393702 1.643058148 1.135090812 1.221160813 0.973962563 0.966036104
0 0 0.467489462 0.565627894 0.670549478 0.689561425 0.802837309 0.853564181 0.856702835 1.090946791 1.233008932 1.599646815 1.664430831 1.221160813 1.64477114 1.093457593
0 0 0 0.51142268 0.601940895 0.747175625 0.826579436 0.86977936 0.950563553 0.92659715 1.013667355 0.942849175 1.070207431 0.896337794 1.64477114 1.093457593
0 0 0 0.51142268 0.685171157 0.756159963 0.833463622 0.850378116 0.871524635 0.980871686 1.072453177 0.991507962 1.337923253 1.154569212 1.006460237 1.093457593
0 0 0 0.473601088 0.685171157 0.80134 0.790483659 0.820771959 0.927922207 0.888269571 0.983871136 0.893286963 0.784312991 0.722258386 0.897618754 1.062148464
0 0 0.339189115 0.473601088 0.660858204 0.753562434 0.85101982 0.926029908 0.992659204 1.061127858 1.110591497 1.150075127 1.189254164 1.149597825 1.19428536 1.139953534
0 0 0 0.477806178 0.552104777 0.728620244 0.763716495 0.781740889 0.80962466 0.89533398 0.90209715 0.859815537 1.019919523 1.025903138 0.892917275 0.907931477
0 0 0 0.477806178 0.666787314 0.65507123 0.798859251 0.961988405 1.075505517 1.173120052 1.099445084 1.217694376 1.157325805 1.095515077 1.28975573 1.085591544
0 0 0 0.477806178 0.640066546 0.741779296 0.725444441 0.797034166 0.935637176 1.245656248 1.026724589 1.003362397 1.250130981 1.145099914 1.051422263 1.097572255
0 0 0 0.551226465 0.886178481 0.823728347 1.033495235 1.031524133 1.139881318 1.080791061 1.163774842 1.190529239 1.202739427 1.325579312 1.137291525 1.135234176
0 0 0 0.551226465 0.637265466 0.84371317 0.974292759 1.136056196 1.139976535 1.121560264 1.190699266 1.243685658 1.265922421 1.059132835 1.090043082 1.151654501
0 0 0 0.551226465 0.847145491 0.84371317 1.1264452 1.33033976 1.397178045 1.355091156 1.433282614 1.419679818 1.500951121 1.44657268 1.658206348 1.320576262
0 0 0 0.539091385 0.475276694 0.930106777 1.028703564 1.179637768 1.275064271 1.394543109 1.468180287 1.354824424 1.377744955 1.361895368 1.456201635 1.30125768
0 0 0 0.471038318 0.619167273 0.834941814 1.005650386 1.118583879 1.180037665 1.323893179 1.390939617 1.418723917 1.328098012 1.331537728 1.407934701 1.376747606
0 0 0 0.402985251 0.763057853 0.739776852 0.982597208 1.057529991 1.085011058 1.25324325 1.313698947 1.482623411 1.278451068 1.301180088 1.359667766 1.452237532
0 0 0 0.402985251 0.763057853 0.739776852 0.982597208 1.057529991 1.085011058 1.25324325 1.313698947 1.482623411 1.278451068 1.301180088 1.359667766 1.452237532
0 0 0 0.402985251 0.763057853 0.739776852 0.982597208 1.057529991 1.085011058 1.25324325 1.313698947 1.482623411 1.278451068 1.301180088 1.359667766 1.452237532
0 0 0 0.402985251 0.763057853 0.739776852 0.982597208 1.057529991 1.085011058 1.25324325 1.313698947 1.482623411 1.278451068 1.301180088 1.359667766 1.452237532
0 0 0 0.402985251 0.763057853 0.739776852 0.982597208 1.057529991 1.085011058 1.25324325 1.313698947 1.482623411 1.278451068 1.301180088 1.359667766 1.452237532
0 0 0 0.402985251 0.763057853 0.739776852 0.982597208 1.057529991 1.085011058 1.25324325 1.313698947 1.482623411 1.278451068 1.301180088 1.359667766 1.452237532
# wt_fsh mackerel
0 0.1 0.1848 0.3982 0.5493 0.6562 0.7318 0.7853 0.8232 0.85 0.869 0.8824 0.8919 0.8986 0.9034 0.9068
0 0.1 0.1848 0.3982 0.5493 0.6562 0.7318 0.7853 0.8232 0.85 0.869 0.8824 0.8919 0.8986 0.9034 0.9068
0 0.1 0.1848 0.3982 0.5493 0.6562 0.7318 0.7853 0.8232 0.85 0.869 0.8824 0.8919 0.8986 0.9034 0.9068
0 0.1 0.1848 0.3982 0.5493 0.6562 0.7318 0.7853 0.8232 0.85 0.869 0.8824 0.8919 0.8986 0.9034 0.9068
0 0.1 0.1848 0.3982 0.5493 0.6562 0.7318 0.7853 0.8232 0.85 0.869 0.8824 0.8919 0.8986 0.9034 0.9068
0 0.1 0.1848 0.3982 0.5493 0.6562 0.7318 0.7853 0.8232 0.85 0.869 0.8824 0.8919 0.8986 0.9034 0.9068
0 0.1 0.1848 0.3982 0.5493 0.6562 0.7318 0.7853 0.8232 0.85 0.869 0.8824 0.8919 0.8986 0.9034 0.9068
0 0.1 0.1848 0.3982 0.5493 0.6562 0.7318 0.7853 0.8232 0.85 0.869 0.8824 0.8919 0.8986 0.9034 0.9068
0 0.1 0.1848 0.3982 0.5493 0.6562 0.7318 0.7853 0.8232 0.85 0.869 0.8824 0.8919 0.8986 0.9034 0.9068
0 0.1 0.1848 0.3982 0.5493 0.6562 0.7318 0.7853 0.8232 0.85 0.869 0.8824 0.8919 0.8986 0.9034 0.9068
0 0.1 0.1848 0.3982 0.5493 0.6562 0.7318 0.7853 0.8232 0.85 0.869 0.8824 0.8919 0.8986 0.9034 0.9068
0 0.1 0.1848 0.3982 0.5493 0.6562 0.7318 0.7853 0.8232 0.85 0.869 0.8824 0.8919 0.8986 0.9034 0.9068
0 0.1 0.1848 0.3982 0.5493 0.6562 0.7318 0.7853 0.8232 0.85 0.869 0.8824 0.8919 0.8986 0.9034 0.9068
0 0.1 0.1848 0.3982 0.5493 0.6562 0.7318 0.7853 0.8232 0.85 0.869 0.8824 0.8919 0.8986 0.9034 0.9068
0 0.1 0.1848 0.3982 0.5493 0.6562 0.7318 0.7853 0.8232 0.85 0.869 0.8824 0.8919 0.8986 0.9034 0.9068
0 0.1 0.1848 0.3982 0.5493 0.6562 0.7318 0.7853 0.8232 0.85 0.869 0.8824 0.8919 0.8986 0.9034 0.9068
0 0.1 0.1848 0.3982 0.5493 0.6562 0.7318 0.7853 0.8232 0.85 0.869 0.8824 0.8919 0.8986 0.9034 0.9068
0 0.1 0.1848 0.3982 0.5493 0.6562 0.7318 0.7853 0.8232 0.85 0.869 0.8824 0.8919 0.8986 0.9034 0.9068
0 0.1 0.1848 0.3982 0.5493 0.6562 0.7318 0.7853 0.8232 0.85 0.869 0.8824 0.8919 0.8986 0.9034 0.9068
0 0.1 0.1848 0.3982 0.5493 0.6562 0.7318 0.7853 0.8232 0.85 0.869 0.8824 0.8919 0.8986 0.9034 0.9068
0 0.1 0.1848 0.3982 0.5493 0.6562 0.7318 0.7853 0.8232 0.85 0.869 0.8824 0.8919 0.8986 0.9034 0.9068
0 0.1 0.1848 0.3982 0.5493 0.6562 0.7318 0.7853 0.8232 0.85 0.869 0.8824 0.8919 0.8986 0.9034 0.9068
0 0.1 0.1848 0.3982 0.5493 0.6562 0.7318 0.7853 0.8232 0.85 0.869 0.8824 0.8919 0.8986 0.9034 0.9068
0 0.1 0.1848 0.3982 0.5493 0.6562 0.7318 0.7853 0.8232 0.85 0.869 0.8824 0.8919 0.8986 0.9034 0.9068
0 0.1 0.1848 0.3982 0.5493 0.6562 0.7318 0.7853 0.8232 0.85 0.869 0.8824 0.8919 0.8986 0.9034 0.9068
# wt_fsh cod.trawl
0 0.1 0.3 0.6 1.5 2.6 3.5 5.1 6.8 7.5 8.2 8.4 9.9
0 0.1 0.3 0.6 1.5 2.6 3.5 5.1 6.8 7.5 8.2 8.4 9.9
0 0.1 0.3 0.6 1.5 2.6 3.5 5.1 6.8 7.5 8.2 8.4 9.9
0 0.1 0.3 0.6 1.5 2.6 3.5 5.1 6.8 7.5 8.2 8.4 9.9
0 0.1 0.3 0.6 1.5 2.6 3.5 5.1 6.8 7.5 8.2 8.4 9.9
0 0.1 0.3 0.6 1.5 2.6 3.5 5.1 6.8 7.5 8.2 8.4 9.9
0 0.1 0.3 0.6 1.5 2.6 3.5 5.1 6.8 7.5 8.2 8.4 9.9
0 0.1 0.3 0.6 1.5 2.6 3.5 5.1 6.8 7.5 8.2 8.4 9.9
0 0.1 0.3 0.6 1.5 2.6 3.5 5.1 6.8 7.5 8.2 8.4 9.9
0 0.1 0.3 0.6 1.5 2.6 3.5 5.1 6.8 7.5 8.2 8.4 9.9
0 0.1 0.3 0.6 1.5 2.6 3.5 5.1 6.8 7.5 8.2 8.4 9.9
0 0.1 0.3 0.6 1.5 2.6 3.5 5.1 6.8 7.5 8.2 8.4 9.9
0 0.1 0.3 0.6 1.5 2.6 3.5 5.1 6.8 7.5 8.2 8.4 9.9
0 0.1 0.3 0.6 1.5 2.6 3.5 5.1 6.8 7.5 8.2 8.4 9.9
0 0.1 0.3 0.6 1.5 2.6 3.5 5.1 6.8 7.5 8.2 8.4 9.9
0 0.1 0.3 0.6 1.5 2.6 3.5 5.1 6.8 7.5 8.2 8.4 9.9
0 0.1 0.3 0.6 1.5 2.6 3.5 5.1 6.8 7.5 8.2 8.4 9.9
0 0.1 0.3 0.6 1.5 2.6 3.5 5.1 6.8 7.5 8.2 8.4 9.9
0 0.1 0.3 0.6 1.5 2.6 3.5 5.1 6.8 7.5 8.2 8.4 9.9
0 0.1 0.3 0.6 1.5 2.6 3.5 5.1 6.8 7.5 8.2 8.4 9.9
0 0.1 0.3 0.6 1.5 2.6 3.5 5.1 6.8 7.5 8.2 8.4 9.9
0 0.1 0.3 0.6 1.5 2.6 3.5 5.1 6.8 7.5 8.2 8.4 9.9
0 0.1 0.3 0.6 1.5 2.6 3.5 5.1 6.8 7.5 8.2 8.4 9.9
0 0.1 0.3 0.6 1.5 2.6 3.5 5.1 6.8 7.5 8.2 8.4 9.9
0 0.1 0.3 0.6 1.5 2.6 3.5 5.1 6.8 7.5 8.2 8.4 9.9
# wt_fsh cod.pot
0 0.1 0.3 0.6 1.5 2.6 3.5 5.1 6.8 7.5 8.2 8.4 9.9
0 0.1 0.3 0.6 1.5 2.6 3.5 5.1 6.8 7.5 8.2 8.4 9.9
0 0.1 0.3 0.6 1.5 2.6 3.5 5.1 6.8 7.5 8.2 8.4 9.9
0 0.1 0.3 0.6 1.5 2.6 3.5 5.1 6.8 7.5 8.2 8.4 9.9
0 0.1 0.3 0.6 1.5 2.6 3.5 5.1 6.8 7.5 8.2 8.4 9.9
0 0.1 0.3 0.6 1.5 2.6 3.5 5.1 6.8 7.5 8.2 8.4 9.9
0 0.1 0.3 0.6 1.5 2.6 3.5 5.1 6.8 7.5 8.2 8.4 9.9
0 0.1 0.3 0.6 1.5 2.6 3.5 5.1 6.8 7.5 8.2 8.4 9.9
0 0.1 0.3 0.6 1.5 2.6 3.5 5.1 6.8 7.5 8.2 8.4 9.9
0 0.1 0.3 0.6 1.5 2.6 3.5 5.1 6.8 7.5 8.2 8.4 9.9
0 0.1 0.3 0.6 1.5 2.6 3.5 5.1 6.8 7.5 8.2 8.4 9.9
0 0.1 0.3 0.6 1.5 2.6 3.5 5.1 6.8 7.5 8.2 8.4 9.9
0 0.1 0.3 0.6 1.5 2.6 3.5 5.1 6.8 7.5 8.2 8.4 9.9
0 0.1 0.3 0.6 1.5 2.6 3.5 5.1 6.8 7.5 8.2 8.4 9.9
0 0.1 0.3 0.6 1.5 2.6 3.5 5.1 6.8 7.5 8.2 8.4 9.9
0 0.1 0.3 0.6 1.5 2.6 3.5 5.1 6.8 7.5 8.2 8.4 9.9
0 0.1 0.3 0.6 1.5 2.6 3.5 5.1 6.8 7.5 8.2 8.4 9.9
0 0.1 0.3 0.6 1.5 2.6 3.5 5.1 6.8 7.5 8.2 8.4 9.9
0 0.1 0.3 0.6 1.5 2.6 3.5 5.1 6.8 7.5 8.2 8.4 9.9
0 0.1 0.3 0.6 1.5 2.6 3.5 5.1 6.8 7.5 8.2 8.4 9.9
0 0.1 0.3 0.6 1.5 2.6 3.5 5.1 6.8 7.5 8.2 8.4 9.9
0 0.1 0.3 0.6 1.5 2.6 3.5 5.1 6.8 7.5 8.2 8.4 9.9
0 0.1 0.3 0.6 1.5 2.6 3.5 5.1 6.8 7.5 8.2 8.4 9.9
0 0.1 0.3 0.6 1.5 2.6 3.5 5.1 6.8 7.5 8.2 8.4 9.9
0 0.1 0.3 0.6 1.5 2.6 3.5 5.1 6.8 7.5 8.2 8.4 9.9
# wt_fsh cod.longline
0 0.1 0.3 0.6 1.5 2.6 3.5 5.1 6.8 7.5 8.2 8.4 9.9
0 0.1 0.3 0.6 1.5 2.6 3.5 5.1 6.8 7.5 8.2 8.4 9.9
0 0.1 0.3 0.6 1.5 2.6 3.5 5.1 6.8 7.5 8.2 8.4 9.9
0 0.1 0.3 0.6 1.5 2.6 3.5 5.1 6.8 7.5 8.2 8.4 9.9
0 0.1 0.3 0.6 1.5 2.6 3.5 5.1 6.8 7.5 8.2 8.4 9.9
0 0.1 0.3 0.6 1.5 2.6 3.5 5.1 6.8 7.5 8.2 8.4 9.9
0 0.1 0.3 0.6 1.5 2.6 3.5 5.1 6.8 7.5 8.2 8.4 9.9
0 0.1 0.3 0.6 1.5 2.6 3.5 5.1 6.8 7.5 8.2 8.4 9.9
0 0.1 0.3 0.6 1.5 2.6 3.5 5.1 6.8 7.5 8.2 8.4 9.9
0 0.1 0.3 0.6 1.5 2.6 3.5 5.1 6.8 7.5 8.2 8.4 9.9
0 0.1 0.3 0.6 1.5 2.6 3.5 5.1 6.8 7.5 8.2 8.4 9.9
0 0.1 0.3 0.6 1.5 2.6 3.5 5.1 6.8 7.5 8.2 8.4 9.9
0 0.1 0.3 0.6 1.5 2.6 3.5 5.1 6.8 7.5 8.2 8.4 9.9
0 0.1 0.3 0.6 1.5 2.6 3.5 5.1 6.8 7.5 8.2 8.4 9.9
0 0.1 0.3 0.6 1.5 2.6 3.5 5.1 6.8 7.5 8.2 8.4 9.9
0 0.1 0.3 0.6 1.5 2.6 3.5 5.1 6.8 7.5 8.2 8.4 9.9
0 0.1 0.3 0.6 1.5 2.6 3.5 5.1 6.8 7.5 8.2 8.4 9.9
0 0.1 0.3 0.6 1.5 2.6 3.5 5.1 6.8 7.5 8.2 8.4 9.9
0 0.1 0.3 0.6 1.5 2.6 3.5 5.1 6.8 7.5 8.2 8.4 9.9
0 0.1 0.3 0.6 1.5 2.6 3.5 5.1 6.8 7.5 8.2 8.4 9.9
0 0.1 0.3 0.6 1.5 2.6 3.5 5.1 6.8 7.5 8.2 8.4 9.9
0 0.1 0.3 0.6 1.5 2.6 3.5 5.1 6.8 7.5 8.2 8.4 9.9
0 0.1 0.3 0.6 1.5 2.6 3.5 5.1 6.8 7.5 8.2 8.4 9.9
0 0.1 0.3 0.6 1.5 2.6 3.5 5.1 6.8 7.5 8.2 8.4 9.9
0 0.1 0.3 0.6 1.5 2.6 3.5 5.1 6.8 7.5 8.2 8.4 9.9
 # nyrs_fsh_comp
8 20 14 10 14
# yrs_fsh_comp
1990 1991 1992 1993 1994 1995 1996 1998
1979 1980 1981 1982 1983 1984 1985 1986 1987 1988 1990 1991 1994 1995 1996 1998 1999 2000 2001 2002
1990 1991 1992 1993 1994 1995 1996 1997 1998 1999 2000 2001 2002 2003
1991 1992 1994 1995 1996 1997 1998 1999 2000 2001
1990 1991 1992 1993 1994 1995 1996 1997 1998 1999 2000 2001 2002 2003
# nsmpl_fsh
1000 1000 1000 1000 1000 1000 1000 1000
1000 1000 1000 1000 1000 1000 1000 1000 1000 1000 1000 1000 1000 1000 1000 1000 1000 1000 1000 1000
1000 1000 1000 1000 1000 1000 1000 1000 1000 1000 1000 1000 1000 1000
1000 1000 1000 1000 1000 1000 1000 1000 1000 1000
1000 1000 1000 1000 1000 1000 1000 1000 1000 1000 1000 1000 1000 1000
# oc_fsh 
0 0 0 0.01 0.02 0.06 0.28 0.2 0.13 0 0.13 0.01 0.09 0.01 0.01 0.05
0.05 0 0 0.01 0.04 0.08 0.04 0.22 0.2 0.17 0 0.11 0 0.03 0.01 0.04
0 0 0 0.04 0.01 0.11 0.08 0.1 0.18 0.13 0.14 0 0.15 0.01 0.03 0.02
0.01 0.01 0 0.01 0.06 0.07 0.15 0.16 0.05 0.1 0.1 0.16 0.01 0.05 0 0.06
0 0 0 0.06 0.02 0.2 0.12 0.14 0.07 0.01 0.13 0.09 0.06 0 0.08 0.02
0 0 0 0.04 0.1 0.04 0.34 0.17 0.09 0.05 0.01 0.04 0.05 0.04 0 0.03
0.03 0 0 0.01 0.07 0.24 0.13 0.32 0.08 0.01 0.02 0.01 0.04 0.01 0.01 0.02
0.01 0 0.01 0.03 0.04 0.1 0.31 0.24 0.08 0.13 0.01 0.01 0 0.01 0.01 0.01
# oc_fsh 
0 0.02 0.15 0.08 0.25 0.45 0.05 0 0 0 0 0 0 0 0 0
0 0.01 0.05 0.33 0.21 0.16 0.23 0.01 0 0 0 0 0 0 0 0
0 0.01 0.02 0.12 0.54 0.1 0.07 0.14 0 0 0 0 0 0 0 0
0 0 0 0.04 0.04 0.7 0.15 0.04 0.03 0 0 0 0 0 0 0
0 0 0 0.05 0.09 0.22 0.53 0.08 0.03 0 0 0 0 0 0 0
0 0.01 0.01 0.03 0.05 0.17 0.26 0.43 0.02 0.02 0 0 0 0 0 0
0.01 0.02 0.01 0.2 0.11 0.09 0.13 0.12 0.3 0 0.01 0 0 0 0 0
0 0 0.08 0.08 0.2 0.09 0.15 0.1 0.12 0.17 0.01 0 0 0 0 0
0.02 0.01 0.08 0.28 0.23 0.15 0.07 0.05 0.01 0.01 0.09 0 0 0 0 0
0 0 0.03 0.1 0.47 0.2 0.08 0.04 0.03 0.03 0 0.02 0 0 0 0
0 0 0.07 0.13 0.29 0.22 0.19 0.07 0.03 0 0 0 0 0 0 0
0 0.01 0.02 0.14 0.17 0.28 0.2 0.11 0.07 0 0 0 0 0 0 0
0 0 0 0.1 0.08 0.18 0.34 0.1 0.1 0.03 0.06 0.01 0 0 0 0
0 0.01 0.01 0.14 0.23 0.11 0.14 0.2 0.06 0.02 0.05 0.03 0 0 0 0
0 0.01 0.01 0.07 0.24 0.18 0.11 0.13 0.15 0.03 0.04 0.01 0.02 0 0 0
0.01 0 0 0.15 0.2 0.17 0.21 0.12 0.02 0.06 0.05 0.01 0 0 0 0
0.01 0.02 0.03 0.07 0.37 0.16 0.14 0.12 0.05 0.03 0 0 0 0 0 0
0 0.02 0.03 0.04 0.1 0.44 0.13 0.07 0.1 0.03 0 0.03 0.01 0 0 0
0.01 0.01 0.09 0.12 0.11 0.1 0.31 0.06 0.09 0.06 0.02 0.01 0 0 0 0.01
0.01 0 0.02 0.28 0.22 0.18 0.04 0.18 0.03 0.01 0.03 0 0 0 0 0
# oc_fsh 
0 0 0 0 0 0 0.01 0.01 0.02 0.02 0 0.03 0.08 0.09 0.07 0.07 0.16 0.14 0.2 0.06 0.03 0.01 0 0
0 0.01 0 0 0.02 0 0 0 0.01 0.04 0.03 0.02 0 0.08 0.21 0.13 0.11 0.13 0.07 0.1 0.04 0 0 0
0 0.03 0 0 0 0 0.01 0.01 0.01 0.01 0.05 0.03 0.06 0.07 0.04 0.11 0.19 0.18 0.09 0.06 0.04 0.01 0 0
0 0.02 0 0 0.01 0 0.01 0 0.01 0.03 0 0.04 0.05 0.07 0.13 0.17 0.14 0.11 0.08 0.1 0.01 0.02 0 0
0 0 0 0.01 0 0.01 0 0 0.03 0.05 0.05 0.06 0.06 0.05 0.13 0.09 0.1 0.11 0.16 0.05 0.02 0.01 0.01 0
0 0 0 0.01 0 0.01 0.01 0.01 0 0 0.06 0.07 0.07 0.06 0.08 0.06 0.13 0.18 0.11 0.09 0.05 0 0 0
0 0 0.02 0 0 0 0.03 0 0.02 0.04 0 0.03 0.04 0.13 0.1 0.13 0.13 0.17 0.06 0.06 0.04 0 0 0
0 0.01 0 0.01 0.01 0 0.02 0 0.04 0.02 0.04 0.05 0.02 0.08 0.11 0.07 0.2 0.19 0.08 0.03 0.02 0 0 0
0 0 0 0.02 0.01 0 0.03 0.03 0.04 0.02 0.04 0.05 0.04 0.04 0.03 0.12 0.14 0.19 0.07 0.1 0.02 0.01 0 0
0 0.04 0 0 0 0.01 0 0.03 0.03 0.06 0.06 0.09 0.09 0.13 0.03 0.02 0.11 0.11 0.14 0.04 0.01 0 0 0
0 0 0 0.01 0.01 0.02 0.03 0.02 0 0.01 0.06 0.05 0.1 0.11 0.13 0.05 0.13 0.13 0.08 0.02 0.04 0 0 0
0 0.01 0.01 0 0.01 0.02 0.03 0.02 0.03 0.09 0.02 0.03 0.12 0.1 0.1 0.1 0.14 0.11 0.05 0.01 0 0 0 0
0 0 0 0 0 0.02 0.04 0.03 0.02 0.05 0.09 0.08 0.1 0.06 0.1 0.13 0.1 0.07 0.05 0.05 0.01 0 0 0
0 0 0 0.02 0 0.03 0 0.03 0.11 0.08 0.08 0.1 0.1 0.15 0.07 0.07 0.09 0.03 0.03 0.01 0 0 0 0
# oc_fsh 
0 0 0 0 0 0 0 0.01 0.01 0.03 0.04 0.06 0.01 0.04 0.23 0.16 0.14 0.06 0.09 0.1 0.02 0 0 0
0 0 0 0 0 0 0 0.01 0.01 0.03 0.03 0.09 0.1 0.07 0.08 0.14 0.13 0.12 0.11 0.05 0.03 0 0 0
0 0.01 0 0 0.01 0 0.01 0.03 0.01 0 0.07 0.05 0.04 0.1 0.17 0.1 0.11 0.12 0.11 0.04 0 0.02 0 0
0 0 0 0.01 0 0 0 0.01 0 0.01 0.08 0.09 0.08 0.07 0.07 0.12 0.21 0.09 0.05 0.06 0.05 0 0 0
0 0 0 0 0 0.01 0 0.02 0.01 0.05 0 0.02 0.07 0.12 0.16 0.12 0.08 0.1 0.16 0.04 0.04 0 0 0
0 0 0 0 0.01 0 0 0.04 0.03 0.06 0.03 0.09 0.04 0.02 0.11 0.12 0.24 0.12 0.04 0.03 0.02 0 0 0
0 0.01 0 0 0.01 0.01 0 0.03 0.02 0.03 0.07 0.09 0.11 0.14 0.03 0.1 0.14 0.07 0.1 0.04 0 0 0 0
0 0 0 0 0 0.01 0 0 0.04 0.07 0.09 0.06 0.09 0.16 0.1 0.08 0.07 0.14 0.05 0.03 0.01 0 0 0
0.02 0 0 0 0 0 0.01 0.04 0 0.03 0.07 0.09 0.14 0.1 0.18 0.09 0.08 0.05 0.04 0.05 0 0.01 0 0
0 0 0 0.01 0.02 0.03 0 0.01 0.03 0.04 0.1 0.1 0.07 0.13 0.07 0.13 0.07 0.03 0.12 0.04 0 0 0 0
# oc_fsh 
0 0 0 0.01 0.01 0 0.02 0.03 0.02 0.02 0.03 0.05 0.16 0.14 0.1 0.06 0.09 0.07 0.11 0.06 0.01 0.01 0 0
0 0 0 0 0 0.01 0.02 0 0.05 0.07 0.06 0.05 0.03 0.11 0.1 0.17 0.09 0.1 0.05 0.04 0.03 0.02 0 0
0 0.01 0 0 0 0.02 0.01 0.03 0.01 0.03 0.08 0.11 0.08 0.07 0.06 0.14 0.1 0.08 0.08 0.06 0.01 0.02 0 0
0 0 0 0.01 0 0.01 0.01 0.02 0.03 0.02 0.03 0.05 0.13 0.16 0.12 0.08 0.08 0.11 0.09 0.01 0.03 0.01 0 0
0 0.02 0 0 0 0.02 0.01 0 0.01 0.06 0.07 0.12 0.01 0.03 0.16 0.14 0.13 0.1 0.08 0.03 0.01 0 0 0
0 0 0 0 0.01 0.02 0.02 0.01 0.03 0.01 0.03 0.12 0.13 0.12 0.05 0.12 0.13 0.07 0.08 0.03 0.02 0 0 0
0 0.02 0 0 0.01 0.01 0.02 0.05 0.01 0.03 0.05 0.09 0.1 0.08 0.19 0.07 0.05 0.1 0.04 0.05 0.03 0 0 0
0 0.02 0 0 0.01 0.01 0.03 0.05 0.01 0.11 0.08 0.05 0.03 0.05 0.14 0.16 0.07 0.05 0.06 0.04 0.03 0 0 0
0 0 0 0 0.02 0.02 0 0.02 0.03 0.05 0.11 0.17 0.08 0.08 0.06 0.1 0.08 0.1 0.04 0.04 0 0 0 0
0 0 0.01 0.01 0 0.02 0.04 0.02 0.03 0.05 0.09 0.1 0.13 0.1 0.12 0.03 0.08 0.09 0.05 0.02 0.01 0 0 0
0 0.01 0 0.01 0.02 0.01 0 0.02 0.04 0.06 0.09 0.11 0.07 0.07 0.15 0.09 0.08 0.06 0.07 0.03 0.01 0 0 0
0 0.01 0 0 0 0.01 0.02 0.05 0.01 0.05 0.09 0.07 0.12 0.19 0.08 0.07 0.09 0.08 0.03 0.02 0.01 0 0 0
0 0 0 0 0 0 0.04 0.02 0.03 0.04 0.11 0.2 0.11 0.06 0.12 0.09 0.04 0.07 0.05 0.01 0.01 0 0 0
0 0 0 0 0.01 0 0.03 0.04 0.05 0.2 0.06 0.11 0.13 0.16 0.03 0.02 0.08 0.06 0.01 0.01 0 0 0 0
 # nsrv_spp
1 1 1
 # spp_srv
1 2 3
 # nyrs_srv
5 6 8
# yrs_srv
1991 1994 1997 2000 2002
1986 1991 1994 1997 2000 2002
1980 1983 1986 1991 1994 1997 2000 2002
 # mo_srv
8 7.5 7.5
# obs_srv
200.913476069661 133.580845663262 55.2189142103343 37.2671793874242 44.1407403033309
176.898490980015 408.204910875571 447.267649962384 332.230366772678 273.046475932036 536.936046723733
194.287683300578 185.26578013275 132.45809314269 190.501417464114 154.980103629116 122.509124316862 124.982338503524 67.9958859680527
# obs_se_srv
10 10 10 10 10
10 10 10 10 10 10
10 10 10 10 10 10 10 10
# nyrs_srv_age
3
5
5
# yrs_srv_age
1991 1997 2002
1986 1991 1994 1997 2000
1991 1994 1997 2000 2002
# nsmpl_srv
1000 1000 1000
1000 1000 1000 1000 1000
1000 1000 1000 1000 1000
# oc_srv pollock
0 0.01 0.02 0.02 0.12 0.07 0.05 0.06 0.11 0.23 0 0.15 0.03 0.08 0.01 0.04
0 0 0 0.02 0.12 0.14 0.19 0.03 0.18 0.13 0.05 0.02 0.02 0.02 0.05 0.03
0.1 0 0.03 0.13 0.02 0.04 0.02 0.08 0.08 0.25 0.12 0.07 0.01 0.04 0 0.01
# oc_srv mackerel
0.02 0.01 0.15 0.27 0.19 0.07 0.08 0.08 0.06 0.07 0 0 0 0 0 0
0.02 0.01 0.06 0.38 0.19 0.2 0.06 0.07 0.01 0 0 0 0 0 0 0
0 0 0.1 0.17 0.15 0.15 0.32 0.05 0.03 0.03 0 0 0 0 0 0
0 0 0.102 0.222 0.179 0.231 0.071 0.036 0.049 0.067 0.01 0.01 0.003 0.008 0 0
0 0 0.288 0.082 0.027 0.242 0.073 0.076 0.127 0.04 0.02 0.015 0.006 0.003 0 0.001
# oc_srv cod
0 0.03 0.02 0.06 0.09 0.09 0.03 0.03 0.05 0.14 0.1 0.11 0.06 0.06 0.07 0.01 0.01 0.01 0.01 0.01 0 0.01 0 0
0 0.07 0.02 0.04 0.06 0.03 0.03 0.02 0.05 0.12 0.14 0.14 0.05 0.05 0.02 0.07 0.01 0.05 0.01 0.01 0.01 0 0 0
0 0.08 0 0.01 0.03 0.1 0.1 0.07 0.09 0.12 0.13 0.09 0.06 0.01 0.01 0.04 0.04 0 0 0.01 0.01 0 0 0
0 0.008 0.0269 0.0023 0.0069 0.0146 0.0179 0.0619 0.1092 0.1303 0.1533 0.1564 0.113 0.0766 0.0536 0.0261 0.0175 0.0109 0.0068 0.0032 0.0039 5e-04 0 0
2e-04 0.0031 0.0192 0.015 0.0263 0.0961 0.1456 0.0747 0.0945 0.0942 0.0945 0.0505 0.0424 0.049 0.0545 0.0605 0.0386 0.0222 0.0084 0.0073 0.002 0.0011 0 0
# wt_srv pollock
0 0.137038229 0.382191551 0.654884572 0.901051238 1.101086843 1.254177594 1.36712965 1.448548268 1.506350672 1.546974255 1.575331305 1.595034972 1.60868314 1.618116663 1.624627525
0 0.137038229 0.382191551 0.654884572 0.901051238 1.101086843 1.254177594 1.36712965 1.448548268 1.506350672 1.546974255 1.575331305 1.595034972 1.60868314 1.618116663 1.624627525
0 0.098049947 0.302350689 0.535866648 0.746959726 0.917288013 1.046318416 1.140442094 1.207500939 1.254559008 1.287256948 1.309829542 1.325345397 1.3359804 1.343256368 1.34822824
0 0.098049947 0.302350689 0.535866648 0.746959726 0.917288013 1.046318416 1.140442094 1.207500939 1.254559008 1.287256948 1.309829542 1.325345397 1.3359804 1.343256368 1.34822824
0 0.059061665 0.222509826 0.416848724 0.592868214 0.733489184 0.838459238 0.913754537 0.96645361 1.002767345 1.02753964 1.044327779 1.055655823 1.06327766 1.068396074 1.071828956
0 0.078678277 0.235606441 0.416405603 0.581882761 0.717369226 0.821665812 0.899057947 0.95519168 0.99532101 1.023743646 1.043755206 1.057791873 1.067614968 1.074480293 1.079275327
0 0.078678277 0.235606441 0.416405603 0.581882761 0.717369226 0.821665812 0.899057947 0.95519168 0.99532101 1.023743646 1.043755206 1.057791873 1.067614968 1.074480293 1.079275327
0 0.098294889 0.248703056 0.415962483 0.570897308 0.701249269 0.804872386 0.884361357 0.94392975 0.987874676 1.019947651 1.043182633 1.059927924 1.071952275 1.080564512 1.086721698
0 0.098294889 0.253690214 0.451942811 0.685810205 0.803619647 0.944166532 1.03627961 1.083792786 1.122604995 1.191436465 1.195353109 1.178504261 1.190494246 1.20811022 1.173372762
0 0.098294889 0.253690214 0.451942811 0.685810205 0.803619647 0.944166532 1.03627961 1.083792786 1.122604995 1.191436465 1.195353109 1.178504261 1.190494246 1.20811022 1.173372762
0 0.098294889 0.253690214 0.451942811 0.685810205 0.803619647 0.944166532 1.03627961 1.083792786 1.122604995 1.191436465 1.195353109 1.178504261 1.190494246 1.20811022 1.173372762
0 0.098294889 0.253690214 0.451942811 0.685810205 0.803619647 0.944166532 1.03627961 1.083792786 1.122604995 1.191436465 1.195353109 1.178504261 1.190494246 1.20811022 1.173372762
0 0 0.258677372 0.48792314 0.800723101 0.905990024 1.083460678 1.188197863 1.223655822 1.257335315 1.362925279 1.347523586 1.297080599 1.309036217 1.335655929 1.260023826
0 0.073519022 0.255971018 0.439037934 0.778477072 0.897565489 1.007083525 1.129316476 1.201207405 1.235307734 1.339625821 1.352688599 1.342944463 1.354080064 1.374350723 1.355845804
0 0.073519022 0.255971018 0.439037934 0.778477072 0.897565489 1.007083525 1.129316476 1.201207405 1.235307734 1.339625821 1.352688599 1.342944463 1.354080064 1.374350723 1.355845804
0 0.073519022 0.255971018 0.439037934 0.778477072 0.897565489 1.007083525 1.129316476 1.201207405 1.235307734 1.339625821 1.352688599 1.342944463 1.354080064 1.374350723 1.355845804
0 0.073519022 0.255971018 0.439037934 0.778477072 0.897565489 1.007083525 1.129316476 1.201207405 1.235307734 1.339625821 1.352688599 1.342944463 1.354080064 1.374350723 1.355845804
0 0.073519022 0.255971018 0.439037934 0.778477072 0.897565489 1.007083525 1.129316476 1.201207405 1.235307734 1.339625821 1.352688599 1.342944463 1.354080064 1.374350723 1.355845804
0 0.069622325 0.253264665 0.390152727 0.756231042 0.889140954 0.930706372 1.070435088 1.178758988 1.213280153 1.316326363 1.357853611 1.388808327 1.399123911 1.413045518 1.451667782
0 0.051143472 0.234013308 0.41947035 0.719804945 0.990200633 1.037690618 1.189813441 1.242481511 1.377397899 1.453441905 1.484670492 1.53738354 1.539335305 1.542586174 1.529952349
0 0.051143472 0.234013308 0.41947035 0.719804945 0.990200633 1.037690618 1.189813441 1.242481511 1.377397899 1.453441905 1.484670492 1.53738354 1.539335305 1.542586174 1.529952349
0 0.051143472 0.234013308 0.41947035 0.719804945 0.990200633 1.037690618 1.189813441 1.242481511 1.377397899 1.453441905 1.484670492 1.53738354 1.539335305 1.542586174 1.529952349
0 0.051143472 0.234013308 0.41947035 0.719804945 0.990200633 1.037690618 1.189813441 1.242481511 1.377397899 1.453441905 1.484670492 1.53738354 1.539335305 1.542586174 1.529952349
0 0.032664618 0.21476195 0.448787974 0.683378849 1.091260313 1.144674864 1.309191794 1.306204033 1.541515644 1.590557447 1.611487373 1.685958753 1.679546698 1.67212683 1.608236917
0 0.032664618 0.21476195 0.448787974 0.683378849 1.091260313 1.144674864 1.309191794 1.306204033 1.541515644 1.590557447 1.611487373 1.685958753 1.679546698 1.67212683 1.608236917
# wt_srv mackerel
0 0.1 0.1276 0.4205 0.6598 0.7557 0.7941 0.8095 0.8157 0.8181 0.8191 0.8195 0.8197 0.8197 0.8198 0.8198
0 0.1 0.1276 0.4205 0.6598 0.7557 0.7941 0.8095 0.8157 0.8181 0.8191 0.8195 0.8197 0.8197 0.8198 0.8198
0 0.1 0.1276 0.4205 0.6598 0.7557 0.7941 0.8095 0.8157 0.8181 0.8191 0.8195 0.8197 0.8197 0.8198 0.8198
0 0.1 0.1276 0.4205 0.6598 0.7557 0.7941 0.8095 0.8157 0.8181 0.8191 0.8195 0.8197 0.8197 0.8198 0.8198
0 0.1 0.1276 0.4205 0.6598 0.7557 0.7941 0.8095 0.8157 0.8181 0.8191 0.8195 0.8197 0.8197 0.8198 0.8198
0 0.1 0.1276 0.4205 0.6598 0.7557 0.7941 0.8095 0.8157 0.8181 0.8191 0.8195 0.8197 0.8197 0.8198 0.8198
0 0.1 0.1276 0.4205 0.6598 0.7557 0.7941 0.8095 0.8157 0.8181 0.8191 0.8195 0.8197 0.8197 0.8198 0.8198
0 0.1 0.1276 0.4205 0.6598 0.7557 0.7941 0.8095 0.8157 0.8181 0.8191 0.8195 0.8197 0.8197 0.8198 0.8198
0 0.1 0.1276 0.4205 0.6598 0.7557 0.7941 0.8095 0.8157 0.8181 0.8191 0.8195 0.8197 0.8197 0.8198 0.8198
0 0.1 0.1276 0.4205 0.6598 0.7557 0.7941 0.8095 0.8157 0.8181 0.8191 0.8195 0.8197 0.8197 0.8198 0.8198
0 0.1 0.1276 0.4205 0.6598 0.7557 0.7941 0.8095 0.8157 0.8181 0.8191 0.8195 0.8197 0.8197 0.8198 0.8198
0 0.1 0.1276 0.4205 0.6598 0.7557 0.7941 0.8095 0.8157 0.8181 0.8191 0.8195 0.8197 0.8197 0.8198 0.8198
0 0.1 0.1276 0.4205 0.6598 0.7557 0.7941 0.8095 0.8157 0.8181 0.8191 0.8195 0.8197 0.8197 0.8198 0.8198
0 0.1 0.1276 0.4205 0.6598 0.7557 0.7941 0.8095 0.8157 0.8181 0.8191 0.8195 0.8197 0.8197 0.8198 0.8198
0 0.1 0.1276 0.4205 0.6598 0.7557 0.7941 0.8095 0.8157 0.8181 0.8191 0.8195 0.8197 0.8197 0.8198 0.8198
0 0.1 0.1276 0.4205 0.6598 0.7557 0.7941 0.8095 0.8157 0.8181 0.8191 0.8195 0.8197 0.8197 0.8198 0.8198
0 0.1 0.1276 0.4205 0.6598 0.7557 0.7941 0.8095 0.8157 0.8181 0.8191 0.8195 0.8197 0.8197 0.8198 0.8198
0 0.1 0.1276 0.4205 0.6598 0.7557 0.7941 0.8095 0.8157 0.8181 0.8191 0.8195 0.8197 0.8197 0.8198 0.8198
0 0.1 0.1276 0.4205 0.6598 0.7557 0.7941 0.8095 0.8157 0.8181 0.8191 0.8195 0.8197 0.8197 0.8198 0.8198
0 0.1 0.1276 0.4205 0.6598 0.7557 0.7941 0.8095 0.8157 0.8181 0.8191 0.8195 0.8197 0.8197 0.8198 0.8198
0 0.1 0.1276 0.4205 0.6598 0.7557 0.7941 0.8095 0.8157 0.8181 0.8191 0.8195 0.8197 0.8197 0.8198 0.8198
0 0.1 0.1276 0.4205 0.6598 0.7557 0.7941 0.8095 0.8157 0.8181 0.8191 0.8195 0.8197 0.8197 0.8198 0.8198
0 0.1 0.1276 0.4205 0.6598 0.7557 0.7941 0.8095 0.8157 0.8181 0.8191 0.8195 0.8197 0.8197 0.8198 0.8198
0 0.1 0.1276 0.4205 0.6598 0.7557 0.7941 0.8095 0.8157 0.8181 0.8191 0.8195 0.8197 0.8197 0.8198 0.8198
0 0.1 0.1276 0.4205 0.6598 0.7557 0.7941 0.8095 0.8157 0.8181 0.8191 0.8195 0.8197 0.8197 0.8198 0.8198
# wt_srv cod
0 0.1 0.3 0.6 1.5 2.6 3.5 5.1 6.8 7.5 8.2 8.4 9.9
0 0.1 0.3 0.6 1.5 2.6 3.5 5.1 6.8 7.5 8.2 8.4 9.9
0 0.1 0.3 0.6 1.5 2.6 3.5 5.1 6.8 7.5 8.2 8.4 9.9
0 0.1 0.3 0.6 1.5 2.6 3.5 5.1 6.8 7.5 8.2 8.4 9.9
0 0.1 0.3 0.6 1.5 2.6 3.5 5.1 6.8 7.5 8.2 8.4 9.9
0 0.1 0.3 0.6 1.5 2.6 3.5 5.1 6.8 7.5 8.2 8.4 9.9
0 0.1 0.3 0.6 1.5 2.6 3.5 5.1 6.8 7.5 8.2 8.4 9.9
0 0.1 0.3 0.6 1.5 2.6 3.5 5.1 6.8 7.5 8.2 8.4 9.9
0 0.1 0.3 0.6 1.5 2.6 3.5 5.1 6.8 7.5 8.2 8.4 9.9
0 0.1 0.3 0.6 1.5 2.6 3.5 5.1 6.8 7.5 8.2 8.4 9.9
0 0.1 0.3 0.6 1.5 2.6 3.5 5.1 6.8 7.5 8.2 8.4 9.9
0 0.1 0.3 0.6 1.5 2.6 3.5 5.1 6.8 7.5 8.2 8.4 9.9
0 0.1 0.3 0.6 1.5 2.6 3.5 5.1 6.8 7.5 8.2 8.4 9.9
0 0.1 0.3 0.6 1.5 2.6 3.5 5.1 6.8 7.5 8.2 8.4 9.9
0 0.1 0.3 0.6 1.5 2.6 3.5 5.1 6.8 7.5 8.2 8.4 9.9
0 0.1 0.3 0.6 1.5 2.6 3.5 5.1 6.8 7.5 8.2 8.4 9.9
0 0.1 0.3 0.6 1.5 2.6 3.5 5.1 6.8 7.5 8.2 8.4 9.9
0 0.1 0.3 0.6 1.5 2.6 3.5 5.1 6.8 7.5 8.2 8.4 9.9
0 0.1 0.3 0.6 1.5 2.6 3.5 5.1 6.8 7.5 8.2 8.4 9.9
0 0.1 0.3 0.6 1.5 2.6 3.5 5.1 6.8 7.5 8.2 8.4 9.9
0 0.1 0.3 0.6 1.5 2.6 3.5 5.1 6.8 7.5 8.2 8.4 9.9
0 0.1 0.3 0.6 1.5 2.6 3.5 5.1 6.8 7.5 8.2 8.4 9.9
0 0.1 0.3 0.6 1.5 2.6 3.5 5.1 6.8 7.5 8.2 8.4 9.9
0 0.1 0.3 0.6 1.5 2.6 3.5 5.1 6.8 7.5 8.2 8.4 9.9
0 0.1 0.3 0.6 1.5 2.6 3.5 5.1 6.8 7.5 8.2 8.4 9.9
# wt_pop pollock
0 0.04 0.21 0.41 0.69 0.89 1.09 1.25 1.33 1.4 1.48 1.51 1.64 1.54 1.51 1.59
# wt_pop mackerel
0 0.1 0.1276 0.4205 0.6598 0.7557 0.7941 0.8095 0.8157 0.8181 0.8191 0.8195 0.8197 0.8197 0.8198 0.8198
# wt_pop cod
0 0.1 0.3 0.6 1.5 2.6 3.5 5.1 6.8 7.5 8.2 8.4 9.9
# maturity (pollock Table 1A.13 2003 SAFE)
0 0.0000 0.0080 0.2890 0.6410 0.8420 0.9010 0.9470 0.9630 0.9700 0.9780 0.9840 0.9900 1.0000 1.0000 1.0000
# maturity (mackerel Table 15.7 2003 SAFE)
0 0 0.0370 0.2240 0.6880 0.9440 0.9920 0.9990 1.0000 1.0000 1.0000 1.0000 1.0000 1.0000 1.0000 1.0000
# maturity (cod interpolated from length-at-age and maturity-at-length)
0 0.001 0.005 0.019 0.09 0.3 0.514 0.75 0.88 0.92 0.94 0.95 0.97
3 #spawnmo (pollock MODELA10_A.DAT)
8 #spawnmo (mackerel ATKA03.DAT)
2 #spawnmo (cod winter spawner)
# al_key pollock
0.0023 0.9953 0.0023 0 0 0 0 0 0 0 0 0 0 0 0 0
0 2e-04 0.1402 0.7772 0.0823 1e-04 0 0 0 0 0 0 0 0 0 0
0 0 0 7e-04 0.0522 0.4368 0.4516 0.0579 8e-04 0 0 0 0 0 0 0
0 0 0 0 5e-04 0.0137 0.1177 0.3506 0.3659 0.1338 0.017 7e-04 0 0 0 0
0 0 0 0 0 0 0.0032 0.0683 0.3477 0.4355 0.135 0.0101 2e-04 0 0 0
0 0 0 0 0 0 0.001 0.0208 0.1485 0.3743 0.3359 0.1071 0.012 5e-04 0 0
0 0 0 0 0 0 0.0014 0.0188 0.1115 0.2938 0.3456 0.1816 0.0425 0.0044 2e-04 0
0 0 0 0 0 0 0 0.0018 0.0279 0.1632 0.3669 0.3189 0.107 0.0137 7e-04 0
0 0 0 0 0 0 0 3e-04 0.0102 0.1141 0.3776 0.3755 0.1122 0.0099 2e-04 0
0 0 0 0 0 0 0 3e-04 0.0073 0.0672 0.2499 0.3777 0.233 0.0584 0.0059 2e-04
0 0 0 0 0 0 0 0 0.001 0.0245 0.1821 0.4188 0.3014 0.0675 0.0046 1e-04
0 0 0 0 0 0 0 3e-04 0.0053 0.0419 0.1639 0.315 0.2984 0.1393 0.032 0.0038
0 0 0 0 0 0 0 0 2e-04 0.0086 0.1022 0.3614 0.3881 0.1267 0.0124 4e-04
0 0 0 0 0 0 0 1e-04 0.0025 0.0245 0.1178 0.2789 0.326 0.1883 0.0537 0.0081
0 0 0 0 0 0 0 0 3e-04 0.0105 0.1121 0.367 0.3766 0.1211 0.012 4e-04
0 0 0 0 0 0 0 2e-04 0.0027 0.025 0.1155 0.2704 0.3217 0.1946 0.0598 0.01
# al_key atka
0.0296 0.9408 0.0296 0 0 0 0 0 0 0 0 0 0
0 6e-04 0.0198 0.18 0.4419 0.2994 0.0555 0.0027 0 0 0 0 0
0 0 0 0 0.0164 0.5035 0.4673 0.0128 0 0 0 0 0
0 0 0 0 0.0033 0.1587 0.6095 0.2218 0.0067 0 0 0 0
0 0 0 0 0 0.0021 0.1815 0.6734 0.1418 0.0012 0 0 0
0 0 0 0 2e-04 0.0082 0.1083 0.3862 0.3832 0.1058 0.0079 2e-04 0
0 0 0 0 1e-04 0.0048 0.0729 0.3221 0.4194 0.1619 0.0182 6e-04 0
0 0 0 0 1e-04 0.003 0.0515 0.2676 0.4292 0.2142 0.0329 0.0015 0
0 0 0 0 0 0.0027 0.0475 0.2556 0.4288 0.2262 0.0372 0.0019 0
0 0 0 0 0 0.0027 0.0475 0.2556 0.4288 0.2262 0.0372 0.0019 0
0 0 0 0 0 0.0027 0.0475 0.2556 0.4288 0.2262 0.0372 0.0019 0
0 0 0 0 0 0.0027 0.0475 0.2556 0.4288 0.2262 0.0372 0.0019 0
0 0 0 0 0 0.0027 0.0475 0.2556 0.4288 0.2262 0.0372 0.0019 0
0 0 0 0 0 0.0027 0.0475 0.2556 0.4288 0.2262 0.0372 0.0019 0
0 0 0 0 0 0.0027 0.0475 0.2556 0.4288 0.2262 0.0372 0.0019 0
0 0 0 0 0 0.0027 0.0475 0.2556 0.4288 0.2262 0.0372 0.0019 0
# al_key cod
0.0352 0.9296 0.0352 0 0 0 0 0 0 0 0 0 0 0 0 0 0 0 0 0 0 0 0 0
0 0.005 0.1215 0.4859 0.3443 0.0424 8e-04 0 0 0 0 0 0 0 0 0 0 0 0 0 0 0 0 0
0 2e-04 0.004 0.0406 0.1805 0.3496 0.2964 0.1098 0.0177 0.0012 0 0 0 0 0 0 0 0 0 0 0 0 0 0
0 0 0 3e-04 0.0079 0.0726 0.2638 0.3812 0.2195 0.0501 0.0045 2e-04 0 0 0 0 0 0 0 0 0 0 0 0
0 0 0 0 0 1e-04 0.0039 0.0473 0.2189 0.3882 0.265 0.0694 0.0069 3e-04 0 0 0 0 0 0 0 0 0 0
0 0 0 0 0 0 0 0 0.0021 0.0457 0.2692 0.4455 0.2091 0.0274 0.001 0 0 0 0 0 0 0 0 0
0 0 0 0 0 0 0 0 0 0 0.0034 0.0849 0.4117 0.4117 0.0849 0.0034 0 0 0 0 0 0 0 0
0 0 0 0 0 0 0 0 0 0 0 6e-04 0.0222 0.2039 0.4648 0.2685 0.0387 0.0013 0 0 0 0 0 0
0 0 0 0 0 0 0 0 0 0 0 2e-04 0.0045 0.043 0.1816 0.344 0.2933 0.1124 0.0193 0.0015 0 0 0 0
0 0 0 0 0 0 0 0 0 0 1e-04 0.0013 0.0093 0.0416 0.1196 0.2214 0.2639 0.2028 0.1004 0.032 0.0066 9e-04 1e-04 0
0 0 0 0 0 0 0 0 0 0 0 0 5e-04 0.0074 0.0525 0.1848 0.3232 0.2811 0.1215 0.026 0.0028 1e-04 0 0
0 0 0 0 0 0 0 0 0 0 0 2e-04 0.002 0.013 0.0533 0.1402 0.2375 0.2593 0.1825 0.0827 0.0241 0.0045 5e-04 0
0 0 0 0 0 0 0 0 0 0 0 1e-04 8e-04 0.0059 0.0277 0.0867 0.1805 0.25 0.2304 0.1414 0.0577 0.0157 0.0028 4e-04
# pred_l_bin pollock
2.5 7.5 12.5 17.5 22.5 27.5 32.5 37.5 42.5 47.5 52.5 57.5 62.5 67.5 72.5 77.5
# pred_l_bin mackerel
2.5 7.5 12.5 17.5 22.5 27.5 32.5 37.5 42.5 47.5 52.5 57.5 62.5
# pred_l_bin cod
2.5 7.5 12.5 17.5 22.5 27.5 32.5 37.5 42.5 47.5 52.5 57.5 62.5 67.5 72.5 77.5 82.5 87.5 92.5 97.5 102.5 107.5 112.5 117.5
# omega_vB pollock
0 0.012217048 0.010854429 0.010087998 0.009625054 0.009333299 0.009144485 0.009020184 0.008937431 0.008881925 0.008844509 0.008819202 0.008802046 0.008790398 0.008782481 0.00878
# omega_vB mackerel
0 0.02749201 0.02389821 0.02276911 0.02236821 0.0222198 0.02216401 0.02214292 0.02213493 0.0221319 0.02213075 0.02213032 0.02213015 0.02213009 0.02213007 0.022
# omega_vB cod
0 0.017699088 0.012982752 0.010922589 0.009819646 0.009164612 0.008751405 0.008480754 0.008299083 0.008175127 0.008089603 0.008030141 0.008
 # omega_sigma
5e-04 5e-04 5e-04
 # nyrs_stomwts
17 11 20
 # nyrs_stomlns
8 3 1 3 1 1 13 15 4
# yrs_stomwts
1982 1983 1986 1987 1988 1990 1991 1992 1993 1994 1995 1996 1997 2000 2001 2002 2003
1986 1987 1988 1990 1991 1994 1997 1999 2000 2001 2002
1983 1984 1985 1986 1987 1988 1990 1991 1992 1993 1994 1995 1996 1997 1998 1999 2000 2001 2002 2003
# yrs_stomlns
1986 1987 1988 1990 1991 1994 2001 2003
1994 2000 2002
1991
1986 1987 1991
2001
1994
1985 1986 1987 1988 1990 1991 1993 1994 1997 1998 2000 2002 2003
1985 1986 1987 1990 1991 1993 1994 1995 1996 1997 1998 2000 2001 2002 2003
1985 1987 1991 1994
# stoms_wt NA
1000 1000 1000 1000 1000 1000 1000 1000 1000 1000 1000 1000 1000 1000 1000 1000 1000
1000 1000 1000 1000 1000 1000 1000 1000 1000 1000 1000 1000 1000 1000 1000 1000 1000
1000 1000 1000 1000 1000 1000 1000 1000 1000 1000 1000 1000 1000 1000 1000 1000 1000
1000 1000 1000 1000 1000 1000 1000 1000 1000 1000 1000 1000 1000 1000 1000 1000 1000
1000 1000 1000 1000 1000 1000 1000 1000 1000 1000 1000 1000 1000 1000 1000 1000 1000
1000 1000 1000 1000 1000 1000 1000 1000 1000 1000 1000 1000 1000 1000 1000 1000 1000
1000 1000 1000 1000 1000 1000 1000 1000 1000 1000 1000 1000 1000 1000 1000 1000 1000
1000 1000 1000 1000 1000 1000 1000 1000 1000 1000 1000 1000 1000 1000 1000 1000 1000
1000 1000 1000 1000 1000 1000 1000 1000 1000 1000 1000 1000 1000 1000 1000 1000 1000
1000 1000 1000 1000 1000 1000 1000 1000 1000 1000 1000 1000 1000 1000 1000 1000 1000
1000 1000 1000 1000 1000 1000 1000 1000 1000 1000 1000 1000 1000 1000 1000 1000 1000
1000 1000 1000 1000 1000 1000 1000 1000 1000 1000 1000 1000 1000 1000 1000 1000 1000
1000 1000 1000 1000 1000 1000 1000 1000 1000 1000 1000 1000 1000 1000 1000 1000 1000
1000 1000 1000 1000 1000 1000 1000 1000 1000 1000 1000 1000 1000 1000 1000 1000 1000
1000 1000 1000 1000 1000 1000 1000 1000 1000 1000 1000 1000 1000 1000 1000 1000 1000
1000 1000 1000 1000 1000 1000 1000 1000 1000 1000 1000 1000 1000 1000 1000 1000 1000
# stoms_wt NA
1000 1000 1000 1000 1000 1000 1000 1000 1000 1000 1000
1000 1000 1000 1000 1000 1000 1000 1000 1000 1000 1000
1000 1000 1000 1000 1000 1000 1000 1000 1000 1000 1000
1000 1000 1000 1000 1000 1000 1000 1000 1000 1000 1000
1000 1000 1000 1000 1000 1000 1000 1000 1000 1000 1000
1000 1000 1000 1000 1000 1000 1000 1000 1000 1000 1000
1000 1000 1000 1000 1000 1000 1000 1000 1000 1000 1000
1000 1000 1000 1000 1000 1000 1000 1000 1000 1000 1000
1000 1000 1000 1000 1000 1000 1000 1000 1000 1000 1000
1000 1000 1000 1000 1000 1000 1000 1000 1000 1000 1000
1000 1000 1000 1000 1000 1000 1000 1000 1000 1000 1000
1000 1000 1000 1000 1000 1000 1000 1000 1000 1000 1000
1000 1000 1000 1000 1000 1000 1000 1000 1000 1000 1000
# stoms_wt NA
1000 1000 1000 1000 1000 1000 1000 1000 1000 1000 1000 1000 1000 1000 1000 1000 1000 1000 1000 1000
1000 1000 1000 1000 1000 1000 1000 1000 1000 1000 1000 1000 1000 1000 1000 1000 1000 1000 1000 1000
1000 1000 1000 1000 1000 1000 1000 1000 1000 1000 1000 1000 1000 1000 1000 1000 1000 1000 1000 1000
1000 1000 1000 1000 1000 1000 1000 1000 1000 1000 1000 1000 1000 1000 1000 1000 1000 1000 1000 1000
1000 1000 1000 1000 1000 1000 1000 1000 1000 1000 1000 1000 1000 1000 1000 1000 1000 1000 1000 1000
1000 1000 1000 1000 1000 1000 1000 1000 1000 1000 1000 1000 1000 1000 1000 1000 1000 1000 1000 1000
1000 1000 1000 1000 1000 1000 1000 1000 1000 1000 1000 1000 1000 1000 1000 1000 1000 1000 1000 1000
1000 1000 1000 1000 1000 1000 1000 1000 1000 1000 1000 1000 1000 1000 1000 1000 1000 1000 1000 1000
1000 1000 1000 1000 1000 1000 1000 1000 1000 1000 1000 1000 1000 1000 1000 1000 1000 1000 1000 1000
1000 1000 1000 1000 1000 1000 1000 1000 1000 1000 1000 1000 1000 1000 1000 1000 1000 1000 1000 1000
1000 1000 1000 1000 1000 1000 1000 1000 1000 1000 1000 1000 1000 1000 1000 1000 1000 1000 1000 1000
1000 1000 1000 1000 1000 1000 1000 1000 1000 1000 1000 1000 1000 1000 1000 1000 1000 1000 1000 1000
1000 1000 1000 1000 1000 1000 1000 1000 1000 1000 1000 1000 1000 1000 1000 1000 1000 1000 1000 1000
1000 1000 1000 1000 1000 1000 1000 1000 1000 1000 1000 1000 1000 1000 1000 1000 1000 1000 1000 1000
1000 1000 1000 1000 1000 1000 1000 1000 1000 1000 1000 1000 1000 1000 1000 1000 1000 1000 1000 1000
1000 1000 1000 1000 1000 1000 1000 1000 1000 1000 1000 1000 1000 1000 1000 1000 1000 1000 1000 1000
1000 1000 1000 1000 1000 1000 1000 1000 1000 1000 1000 1000 1000 1000 1000 1000 1000 1000 1000 1000
1000 1000 1000 1000 1000 1000 1000 1000 1000 1000 1000 1000 1000 1000 1000 1000 1000 1000 1000 1000
1000 1000 1000 1000 1000 1000 1000 1000 1000 1000 1000 1000 1000 1000 1000 1000 1000 1000 1000 1000
1000 1000 1000 1000 1000 1000 1000 1000 1000 1000 1000 1000 1000 1000 1000 1000 1000 1000 1000 1000
1000 1000 1000 1000 1000 1000 1000 1000 1000 1000 1000 1000 1000 1000 1000 1000 1000 1000 1000 1000
1000 1000 1000 1000 1000 1000 1000 1000 1000 1000 1000 1000 1000 1000 1000 1000 1000 1000 1000 1000
1000 1000 1000 1000 1000 1000 1000 1000 1000 1000 1000 1000 1000 1000 1000 1000 1000 1000 1000 1000
1000 1000 1000 1000 1000 1000 1000 1000 1000 1000 1000 1000 1000 1000 1000 1000 1000 1000 1000 1000
# stoms_ln_prey pollpoll
1000 1000 1000 1000 1000 1000 1000 1000
1000 1000 1000 1000 1000 1000 1000 1000
1000 1000 1000 1000 1000 1000 1000 1000
1000 1000 1000 1000 1000 1000 1000 1000
1000 1000 1000 1000 1000 1000 1000 1000
1000 1000 1000 1000 1000 1000 1000 1000
1000 1000 1000 1000 1000 1000 1000 1000
1000 1000 1000 1000 1000 1000 1000 1000
1000 1000 1000 1000 1000 1000 1000 1000
1000 1000 1000 1000 1000 1000 1000 1000
1000 1000 1000 1000 1000 1000 1000 1000
1000 1000 1000 1000 1000 1000 1000 1000
1000 1000 1000 1000 1000 1000 1000 1000
1000 1000 1000 1000 1000 1000 1000 1000
1000 1000 1000 1000 1000 1000 1000 1000
1000 1000 1000 1000 1000 1000 1000 1000
# stoms_ln_prey pollmack
1000 1000 1000
1000 1000 1000
1000 1000 1000
1000 1000 1000
1000 1000 1000
1000 1000 1000
1000 1000 1000
1000 1000 1000
1000 1000 1000
1000 1000 1000
1000 1000 1000
1000 1000 1000
1000 1000 1000
1000 1000 1000
1000 1000 1000
1000 1000 1000
# stoms_ln_prey pollcod
1000
1000
1000
1000
1000
1000
1000
1000
1000
1000
1000
1000
1000
1000
1000
1000
# stoms_ln_prey mackpoll
1000 1000 1000
1000 1000 1000
1000 1000 1000
1000 1000 1000
1000 1000 1000
1000 1000 1000
1000 1000 1000
1000 1000 1000
1000 1000 1000
1000 1000 1000
1000 1000 1000
1000 1000 1000
1000 1000 1000
# stoms_ln_prey mackmack
1000
1000
1000
1000
1000
1000
1000
1000
1000
1000
1000
1000
1000
# stoms_ln_prey mackcod
1000
1000
1000
1000
1000
1000
1000
1000
1000
1000
1000
1000
1000
# stoms_ln_prey codpoll
1000 1000 1000 1000 1000 1000 1000 1000 1000 1000 1000 1000 1000
1000 1000 1000 1000 1000 1000 1000 1000 1000 1000 1000 1000 1000
1000 1000 1000 1000 1000 1000 1000 1000 1000 1000 1000 1000 1000
1000 1000 1000 1000 1000 1000 1000 1000 1000 1000 1000 1000 1000
1000 1000 1000 1000 1000 1000 1000 1000 1000 1000 1000 1000 1000
1000 1000 1000 1000 1000 1000 1000 1000 1000 1000 1000 1000 1000
1000 1000 1000 1000 1000 1000 1000 1000 1000 1000 1000 1000 1000
1000 1000 1000 1000 1000 1000 1000 1000 1000 1000 1000 1000 1000
1000 1000 1000 1000 1000 1000 1000 1000 1000 1000 1000 1000 1000
1000 1000 1000 1000 1000 1000 1000 1000 1000 1000 1000 1000 1000
1000 1000 1000 1000 1000 1000 1000 1000 1000 1000 1000 1000 1000
1000 1000 1000 1000 1000 1000 1000 1000 1000 1000 1000 1000 1000
1000 1000 1000 1000 1000 1000 1000 1000 1000 1000 1000 1000 1000
1000 1000 1000 1000 1000 1000 1000 1000 1000 1000 1000 1000 1000
1000 1000 1000 1000 1000 1000 1000 1000 1000 1000 1000 1000 1000
1000 1000 1000 1000 1000 1000 1000 1000 1000 1000 1000 1000 1000
1000 1000 1000 1000 1000 1000 1000 1000 1000 1000 1000 1000 1000
1000 1000 1000 1000 1000 1000 1000 1000 1000 1000 1000 1000 1000
1000 1000 1000 1000 1000 1000 1000 1000 1000 1000 1000 1000 1000
1000 1000 1000 1000 1000 1000 1000 1000 1000 1000 1000 1000 1000
1000 1000 1000 1000 1000 1000 1000 1000 1000 1000 1000 1000 1000
1000 1000 1000 1000 1000 1000 1000 1000 1000 1000 1000 1000 1000
1000 1000 1000 1000 1000 1000 1000 1000 1000 1000 1000 1000 1000
1000 1000 1000 1000 1000 1000 1000 1000 1000 1000 1000 1000 1000
# stoms_ln_prey codmack
1000 1000 1000 1000 1000 1000 1000 1000 1000 1000 1000 1000 1000 1000 1000
1000 1000 1000 1000 1000 1000 1000 1000 1000 1000 1000 1000 1000 1000 1000
1000 1000 1000 1000 1000 1000 1000 1000 1000 1000 1000 1000 1000 1000 1000
1000 1000 1000 1000 1000 1000 1000 1000 1000 1000 1000 1000 1000 1000 1000
1000 1000 1000 1000 1000 1000 1000 1000 1000 1000 1000 1000 1000 1000 1000
1000 1000 1000 1000 1000 1000 1000 1000 1000 1000 1000 1000 1000 1000 1000
1000 1000 1000 1000 1000 1000 1000 1000 1000 1000 1000 1000 1000 1000 1000
1000 1000 1000 1000 1000 1000 1000 1000 1000 1000 1000 1000 1000 1000 1000
1000 1000 1000 1000 1000 1000 1000 1000 1000 1000 1000 1000 1000 1000 1000
1000 1000 1000 1000 1000 1000 1000 1000 1000 1000 1000 1000 1000 1000 1000
1000 1000 1000 1000 1000 1000 1000 1000 1000 1000 1000 1000 1000 1000 1000
1000 1000 1000 1000 1000 1000 1000 1000 1000 1000 1000 1000 1000 1000 1000
1000 1000 1000 1000 1000 1000 1000 1000 1000 1000 1000 1000 1000 1000 1000
1000 1000 1000 1000 1000 1000 1000 1000 1000 1000 1000 1000 1000 1000 1000
1000 1000 1000 1000 1000 1000 1000 1000 1000 1000 1000 1000 1000 1000 1000
1000 1000 1000 1000 1000 1000 1000 1000 1000 1000 1000 1000 1000 1000 1000
1000 1000 1000 1000 1000 1000 1000 1000 1000 1000 1000 1000 1000 1000 1000
1000 1000 1000 1000 1000 1000 1000 1000 1000 1000 1000 1000 1000 1000 1000
1000 1000 1000 1000 1000 1000 1000 1000 1000 1000 1000 1000 1000 1000 1000
1000 1000 1000 1000 1000 1000 1000 1000 1000 1000 1000 1000 1000 1000 1000
1000 1000 1000 1000 1000 1000 1000 1000 1000 1000 1000 1000 1000 1000 1000
1000 1000 1000 1000 1000 1000 1000 1000 1000 1000 1000 1000 1000 1000 1000
1000 1000 1000 1000 1000 1000 1000 1000 1000 1000 1000 1000 1000 1000 1000
1000 1000 1000 1000 1000 1000 1000 1000 1000 1000 1000 1000 1000 1000 1000
# stoms_ln_prey codcod
1000 1000 1000 1000
1000 1000 1000 1000
1000 1000 1000 1000
1000 1000 1000 1000
1000 1000 1000 1000
1000 1000 1000 1000
1000 1000 1000 1000
1000 1000 1000 1000
1000 1000 1000 1000
1000 1000 1000 1000
1000 1000 1000 1000
1000 1000 1000 1000
1000 1000 1000 1000
1000 1000 1000 1000
1000 1000 1000 1000
1000 1000 1000 1000
1000 1000 1000 1000
1000 1000 1000 1000
1000 1000 1000 1000
1000 1000 1000 1000
1000 1000 1000 1000
1000 1000 1000 1000
1000 1000 1000 1000
1000 1000 1000 1000
 # min_SS_w
0 0 0
 # max_SS_w
2000 2000 2000
 # min_SS_l
0 0 0 0 0 0 0 0 0
 # max_SS_l
2000 2000 2000 2000 2000 2000 2000 2000 2000
 # i_wt_yrs_all
17 17 17 17 11 11 11 11 20 20 20 20
# diet_w_dat poll_poll
0 0 0 0 0 0 0 0 0 0 0 0 0 0 0 0 0
0 0 0 0 0 0 0 0 0 0 0 0 0 0 0 0 0
0 0 0 0 0 0 0 0 0 0 0 0 0 0 0 0 0
0 0 0 0 0 0 0 0 0 0 0 0 0 0 0 0 0
0 0 0 0 0 0 0 0 0 0 0 0 0 0 0 0 0
0.03 0 0.02 0.01 0.01 0.02 0 0 0 0 0 0 0 0 0 0 0.05
0 0.01 0.02 0.01 0.01 0.01 0 0.01 0.02 0 0.01 0 0 0 0 0 0.17
0.02 0.05 0.08 0.04 0.02 0.01 0.01 0.02 0.01 0.03 0.01 0 0 0 0 0 0.23
0.04 0.04 0.16 0.06 0.04 0 0.03 0 0 0.01 0 0 0 0 0 0.01 0.19
0.08 0.05 0.16 0.08 0.03 0.03 0.03 0.02 0.02 0.01 0.01 0.01 0 0 0.01 0 0.21
0.17 0.07 0.16 0.08 0.08 0.06 0.04 0.02 0.01 0.01 0.05 0.02 0.01 0.01 0 0.03 0.24
0.18 0.13 0.13 0.14 0.09 0.06 0.07 0.02 0.05 0.06 0.06 0.04 0.01 0.01 0.01 0 0.26
0.16 0.1 0.23 0.16 0.14 0.13 0.04 0.03 0.05 0.06 0.07 0.01 0.02 0 0.01 0.02 0.27
0.12 0.2 0.22 0.22 0.16 0.07 0.07 0.08 0.07 0.12 0.05 0.01 0.03 0.01 0.01 0.02 0.34
0.32 0.14 0.23 0.18 0.18 0.21 0.11 0.12 0.12 0.1 0.06 0.03 0.02 0.03 0.03 0.04 0.34
0.24 0.17 0.33 0.27 0.25 0.2 0.17 0.15 0.11 0.13 0.06 0.07 0.07 0.05 0.04 0.02 0.38
# diet_w_dat poll_mack
0 0 0 0 0 0 0 0 0 0 0 0 0 0 0 0 0
0 0 0 0 0 0 0 0 0 0 0 0 0 0 0 0 0
0 0 0 0 0 0 0 0 0 0 0 0 0 0 0 0 0
0 0 0 0 0 0 0 0 0 0 0 0 0 0 0 0 0
0 0 0 0 0 0 0 0 0 0 0 0 0 0 0 0 0
0.01 0 0.01 0.02 0 0.01 0.01 0.01 0 0 0 0 0 0 0 0 0
0 0 0.01 0.01 0 0 0 0 0 0 0 0 0 0 0 0 0
0 0 0 0 0.01 0 0.02 0 0 0 0 0 0 0 0 0.02 0
0.01 0.01 0.01 0 0.01 0 0 0.01 0 0.02 0.01 0 0 0 0 0.01 0
0.02 0.02 0 0 0.01 0 0 0.03 0 0 0 0.02 0 0 0 0 0
0.01 0.01 0.02 0.01 0 0.02 0.02 0.01 0.02 0.02 0.01 0.02 0 0.01 0.04 0 0
0.03 0.02 0 0.01 0.02 0.02 0.03 0 0.01 0 0.02 0.01 0 0 0 0.01 0
0.01 0.01 0.01 0.02 0.02 0.03 0.02 0.01 0.03 0.01 0.02 0.01 0.02 0.02 0.01 0.01 0
0.01 0.03 0.03 0.02 0.01 0.02 0.05 0 0.01 0 0.02 0.03 0.01 0 0 0.01 0.01
0.06 0.02 0.05 0.03 0.02 0.01 0.01 0.02 0.02 0.01 0 0.03 0.01 0 0.02 0.05 0.01
0.07 0.03 0.07 0.05 0.02 0.03 0.02 0.06 0.02 0.02 0.07 0.05 0.02 0.02 0.01 0.02 0.01
# diet_w_dat poll_cod
0 0 0 0 0 0 0 0 0 0 0 0 0 0 0 0 0
0 0 0 0 0 0 0 0 0 0 0 0 0 0 0 0 0
0 0 0 0 0 0 0 0 0 0 0 0 0 0 0 0 0
0 0 0 0 0 0 0 0 0 0 0 0 0 0 0 0 0
0 0 0 0 0 0 0 0 0 0 0 0 0 0 0 0 0
0 0 0 0 0 0 0 0 0 0 0 0 0 0 0 0 0
0 0 0 0 0 0 0 0 0 0 0 0 0 0 0 0 0
0 0 0 0.01 0 0 0 0 0 0 0 0 0 0 0 0 0
0 0 0 0 0 0 0 0 0 0 0 0 0 0 0 0 0
0 0 0 0 0 0 0 0 0 0 0 0 0 0 0 0 0
0 0 0 0 0 0 0 0 0 0 0 0 0 0 0 0 0
0 0 0 0.01 0 0 0 0 0 0 0 0 0 0 0 0 0
0 0 0 0 0 0 0 0 0 0 0 0 0 0 0 0 0.01
0 0 0 0 0.01 0 0 0 0 0 0 0 0 0 0 0 0
0 0 0 0 0 0 0.01 0 0 0 0 0 0 0.01 0 0 0
0.01 0 0 0 0 0 0 0 0 0.01 0 0 0 0.01 0 0 0
# diet_w_dat poll_other
1 1 1 1 1 1 1 1 1 1 1 1 1 1 1 1 1
1 1 1 1 1 1 1 1 1 1 1 1 1 1 1 1 1
1 1 1 1 1 1 1 1 1 1 1 1 1 1 1 1 1
1 1 1 1 1 1 1 1 1 1 1 1 1 1 1 1 1
1 1 1 1 1 1 1 1 1 1 1 1 1 1 1 1 1
0.96 1 0.97 0.97 0.99 0.97 0.99 0.99 1 1 1 1 1 1 1 1 0.95
1 0.99 0.97 0.98 0.99 0.99 1 0.99 0.98 1 0.99 1 1 1 1 1 0.83
0.98 0.95 0.92 0.95 0.97 0.99 0.97 0.98 0.99 0.97 0.99 1 1 1 1 0.98 0.77
0.95 0.95 0.83 0.94 0.95 1 0.97 0.99 1 0.97 0.99 1 1 1 1 0.98 0.81
0.9 0.93 0.84 0.92 0.96 0.97 0.97 0.95 0.98 0.99 0.99 0.97 1 1 0.99 1 0.79
0.82 0.92 0.82 0.91 0.92 0.92 0.94 0.97 0.97 0.97 0.94 0.96 0.99 0.98 0.96 0.97 0.76
0.79 0.85 0.87 0.84 0.89 0.92 0.9 0.98 0.94 0.94 0.92 0.95 0.99 0.99 0.99 0.99 0.74
0.83 0.89 0.76 0.82 0.84 0.84 0.94 0.96 0.92 0.93 0.91 0.98 0.96 0.98 0.98 0.97 0.72
0.87 0.77 0.75 0.76 0.82 0.91 0.88 0.92 0.92 0.88 0.93 0.96 0.96 0.99 0.99 0.97 0.65
0.62 0.84 0.72 0.79 0.8 0.78 0.87 0.86 0.86 0.89 0.94 0.94 0.97 0.96 0.95 0.91 0.65
0.68 0.8 0.6 0.68 0.73 0.77 0.81 0.79 0.87 0.84 0.87 0.88 0.91 0.92 0.95 0.96 0.61
# diet_w_dat mack_poll
0 0 0 0 0 0 0 0 0 0 0
0 0 0.01 0 0 0 0 0 0 0 0
0.01 0.01 0 0.01 0 0 0 0 0 0 0
0 0 0 0.01 0 0 0 0 0 0 0
0 0.01 0 0 0 0 0.01 0 0 0 0
0 0 0 0 0.01 0 0 0 0.01 0 0
0 0.01 0 0 0.01 0 0 0.01 0 0 0
0.01 0.01 0.01 0.01 0 0 0.01 0 0 0 0
0.02 0 0.02 0.02 0 0.01 0.02 0 0 0.01 0.01
0 0.01 0.01 0 0.01 0.03 0 0 0 0.01 0
0.02 0.01 0.01 0.01 0.01 0.02 0 0 0 0.03 0.01
0.02 0.04 0.01 0.02 0.01 0.03 0.02 0 0 0 0.01
0.24 0.28 0.28 0.25 0.25 0.23 0.22 0.2 0.18 0.31 0.28
# diet_w_dat mack_mack
0 0 0 0 0 0 0 0 0 0 0
0 0 0 0 0 0 0 0 0 0 0
0 0 0 0 0 0 0 0 0 0 0
0 0 0 0 0 0 0 0 0 0 0
0 0 0 0 0 0 0 0 0 0 0
0 0 0 0 0 0 0 0 0 0 0
0 0 0 0 0 0 0 0 0 0 0.01
0.01 0.01 0.01 0.01 0 0 0 0 0.01 0.01 0.01
0 0 0 0 0.01 0.01 0.01 0.01 0 0.02 0.01
0.03 0.01 0 0.01 0 0.01 0.01 0 0.04 0.01 0.01
0.01 0.03 0.04 0.01 0 0.01 0 0.03 0.02 0.01 0.02
0.03 0 0 0 0 0.01 0 0.01 0.02 0 0.01
0.26 0.21 0.2 0.2 0.24 0.24 0.21 0.26 0.24 0.23 0.26
# diet_w_dat mack_cod
0 0 0 0 0 0 0 0 0 0 0
0 0 0 0 0 0 0 0 0 0 0
0 0 0 0 0 0 0 0 0 0 0
0 0 0 0 0 0 0 0 0 0 0
0 0 0 0 0 0 0 0 0 0 0
0 0 0 0 0 0 0 0 0 0 0
0 0 0 0 0 0 0 0 0 0 0
0 0 0 0 0 0 0 0 0 0 0
0 0 0 0 0 0 0 0 0 0 0
0 0 0 0 0 0 0 0 0 0 0
0 0 0 0 0 0 0 0 0 0 0
0 0 0 0 0 0 0 0 0 0 0
0.25 0.18 0.31 0.27 0.23 0.26 0.27 0.25 0.31 0.26 0.28
# diet_w_dat mack_other
1 1 1 1 1 1 1 1 1 1 1
1 1 0.99 1 1 1 1 1 1 1 1
0.99 0.99 1 0.99 1 1 1 1 1 1 1
1 1 1 0.99 1 1 1 1 1 1 1
1 0.99 1 1 1 1 0.99 1 1 1 1
1 1 1 1 0.99 1 1 1 0.99 1 1
1 0.99 1 1 0.99 1 1 0.99 1 1 0.99
0.98 0.98 0.98 0.98 1 1 0.99 1 0.99 0.99 0.99
0.98 1 0.98 0.98 0.99 0.98 0.97 0.99 1 0.97 0.98
0.97 0.98 0.99 0.99 0.99 0.96 0.99 1 0.96 0.98 0.99
0.97 0.96 0.95 0.98 0.99 0.97 1 0.97 0.98 0.96 0.97
0.95 0.96 0.99 0.98 0.99 0.96 0.98 0.99 0.98 1 0.98
0.25 0.33 0.21 0.28 0.28 0.27 0.3 0.29 0.27 0.2 0.18
# diet_w_dat cod_poll
0 0 0 0 0 0 0 0 0 0 0 0 0 0 0 0 0 0 0 0
0 0 0 0 0 0 0 0 0 0 0 0 0 0 0 0 0 0 0 0
0 0 0 0 0 0 0 0 0 0 0 0 0 0 0 0 0 0 0 0
0 0 0 0 0 0 0 0 0 0 0 0 0 0 0 0 0 0 0 0
0 0 0 0 0 0 0 0 0 0 0 0 0 0 0 0 0 0 0 0
0 0 0.01 0 0 0 0 0 0 0 0 0 0 0 0.01 0 0 0 0 0.01
0.02 0 0 0 0.01 0 0 0 0 0 0 0 0 0 0 0 0 0 0 0.01
0.01 0.01 0 0 0.01 0 0 0.02 0 0 0 0.01 0 0 0 0 0 0 0 0.03
0 0.03 0.01 0 0 0.02 0.02 0.01 0.01 0 0 0 0.03 0 0 0 0 0.01 0 0.02
0.01 0.04 0.06 0 0.03 0.04 0.03 0 0 0.01 0.01 0 0.02 0.01 0 0 0.01 0 0.01 0.06
0.03 0.02 0.07 0.02 0.03 0.01 0.01 0.02 0.03 0.02 0.05 0.02 0.02 0 0.01 0 0.01 0.03 0.03 0.08
0.08 0.02 0.09 0.08 0.03 0.03 0.03 0.02 0.04 0.03 0.01 0 0.01 0.01 0.01 0.01 0.02 0.01 0.01 0.11
0.05 0.11 0.04 0.06 0.06 0.03 0.04 0.1 0.03 0.03 0.08 0.04 0.03 0.03 0.02 0.02 0.04 0.03 0.01 0.19
0.1 0.17 0.21 0.08 0.14 0.1 0.13 0.19 0.08 0.07 0.12 0.03 0.05 0.05 0.03 0.01 0.02 0 0.05 0.16
0.15 0.22 0.26 0.21 0.14 0.18 0.15 0.15 0.12 0.05 0.09 0.08 0.08 0.12 0.07 0.04 0.03 0.04 0.07 0.15
0.11 0.24 0.34 0.26 0.26 0.22 0.13 0.16 0.16 0.14 0.12 0.13 0.11 0.11 0.14 0.01 0.05 0.08 0.04 0.13
0.14 0.14 0.29 0.28 0.23 0.26 0.17 0.21 0.17 0.15 0.17 0.1 0.09 0.11 0.09 0.04 0.01 0.05 0.05 0.17
0.14 0.35 0.32 0.27 0.18 0.18 0.18 0.22 0.22 0.2 0.14 0.12 0.13 0.14 0.07 0.04 0.04 0.12 0.08 0.08
0.11 0.29 0.39 0.32 0.27 0.22 0.16 0.24 0.25 0.16 0.19 0.12 0.12 0.12 0.09 0.06 0.05 0.07 0.08 0.06
0.16 0.27 0.29 0.31 0.28 0.19 0.14 0.2 0.11 0.27 0.21 0.15 0.12 0.18 0.08 0.03 0.05 0.13 0.08 0.11
0.12 0.25 0.3 0.32 0.26 0.23 0.09 0.26 0.14 0.21 0.21 0.13 0.14 0.17 0.06 0.05 0.02 0.09 0.12 0.1
0.17 0.29 0.28 0.27 0.19 0.22 0.16 0.17 0.16 0.22 0.17 0.18 0.14 0.14 0.05 0.04 0.05 0.1 0.1 0.07
0.12 0.28 0.29 0.32 0.27 0.26 0.17 0.19 0.14 0.21 0.16 0.14 0.07 0.22 0.11 0.06 0.06 0.08 0.07 0.11
0.09 0.28 0.28 0.3 0.27 0.19 0.16 0.2 0.15 0.17 0.14 0.11 0.16 0.15 0.12 0.05 0.04 0.11 0.05 0.08
# diet_w_dat cod_mack
0 0 0 0 0 0 0 0 0 0 0 0 0 0 0 0 0 0 0 0
0 0 0 0 0 0 0 0 0 0 0 0 0 0 0 0 0 0 0 0
0 0 0 0 0 0 0 0 0 0 0 0 0 0 0 0 0 0 0 0
0 0 0 0 0 0 0 0 0 0 0 0 0 0 0 0 0 0 0 0
0 0 0 0 0 0 0 0 0 0 0 0 0 0 0 0 0 0 0 0
0 0 0 0 0 0 0 0 0 0 0 0 0 0 0 0 0 0 0 0
0 0 0 0 0 0 0 0 0 0 0 0 0 0 0 0.01 0 0 0 0.01
0 0.02 0 0 0 0.02 0.01 0.01 0 0 0.01 0 0 0.01 0 0.02 0 0 0 0
0 0.07 0 0 0.01 0.08 0.03 0.03 0 0.08 0.04 0.01 0.03 0.03 0.01 0.08 0.07 0.11 0 0.04
0.02 0.07 0.17 0 0.08 0.08 0.07 0.1 0.04 0.15 0.1 0.09 0.13 0.02 0.08 0.07 0.23 0.14 0.02 0.03
0.12 0.07 0.25 0 0.11 0.09 0.1 0.07 0.21 0.13 0.11 0.12 0.17 0.02 0.14 0.11 0.3 0.16 0.07 0.01
0.12 0.06 0.21 0.14 0.09 0.11 0.1 0.1 0.25 0.2 0.08 0.09 0.19 0.06 0.13 0.19 0.44 0.27 0.13 0.05
0.11 0.14 0.17 0.16 0.13 0.21 0.17 0.17 0.24 0.16 0.17 0.17 0.11 0.09 0.11 0.17 0.33 0.3 0.16 0.08
0.12 0.17 0.17 0.15 0.31 0.27 0.22 0.26 0.14 0.22 0.24 0.2 0.16 0.2 0.09 0.17 0.32 0.27 0.35 0.14
0.12 0.14 0.26 0.23 0.36 0.39 0.18 0.29 0.38 0.27 0.39 0.33 0.35 0.31 0.27 0.17 0.38 0.46 0.64 0.33
0.32 0.24 0.15 0.23 0.22 0.28 0.36 0.47 0.43 0.29 0.34 0.48 0.35 0.27 0.42 0.32 0.44 0.49 0.61 0.56
0.24 0.22 0.22 0.25 0.27 0.36 0.33 0.44 0.43 0.39 0.32 0.35 0.4 0.3 0.4 0.37 0.43 0.43 0.53 0.44
0.26 0.21 0.28 0.23 0.26 0.32 0.38 0.48 0.33 0.37 0.49 0.36 0.4 0.29 0.36 0.35 0.48 0.46 0.6 0.56
0.26 0.25 0.17 0.23 0.21 0.36 0.45 0.38 0.32 0.42 0.36 0.41 0.43 0.32 0.27 0.34 0.39 0.49 0.64 0.62
0.31 0.19 0.21 0.16 0.27 0.28 0.38 0.43 0.46 0.43 0.37 0.38 0.47 0.37 0.34 0.39 0.43 0.43 0.6 0.49
0.25 0.29 0.23 0.34 0.32 0.31 0.42 0.42 0.46 0.39 0.3 0.36 0.45 0.34 0.4 0.39 0.46 0.5 0.61 0.52
0.26 0.31 0.26 0.23 0.36 0.31 0.4 0.36 0.43 0.41 0.39 0.42 0.38 0.37 0.39 0.38 0.41 0.48 0.55 0.63
0.36 0.22 0.28 0.28 0.26 0.29 0.41 0.39 0.38 0.38 0.44 0.4 0.41 0.3 0.33 0.36 0.43 0.44 0.59 0.57
0.32 0.21 0.19 0.18 0.24 0.26 0.39 0.37 0.43 0.42 0.44 0.37 0.46 0.4 0.42 0.32 0.36 0.49 0.62 0.56
# diet_w_dat cod_cod
0 0 0 0 0 0 0 0 0 0 0 0 0 0 0 0 0 0 0 0
0 0 0 0 0 0 0 0 0 0 0 0 0 0 0 0 0 0 0 0
0 0 0 0 0 0 0 0 0 0 0 0 0 0 0 0 0 0 0 0
0 0 0 0 0 0 0 0 0 0 0 0 0 0 0 0 0 0 0 0
0 0 0 0 0 0 0 0 0 0 0 0 0 0 0 0 0 0 0 0
0 0 0 0 0 0 0 0 0 0 0 0 0 0 0 0 0 0 0 0
0 0 0 0 0 0 0 0 0 0 0 0 0 0 0 0 0 0 0 0
0 0 0 0 0 0 0 0 0 0 0 0 0 0 0 0 0 0 0 0
0 0 0 0 0 0 0 0 0 0 0 0 0 0 0 0 0 0 0 0.01
0 0 0 0 0 0 0 0 0 0 0 0 0 0 0 0 0 0 0.01 0
0 0 0.01 0 0 0 0 0 0 0 0 0 0 0 0 0.01 0 0 0 0
0 0 0 0 0 0 0 0 0 0 0 0 0 0 0 0 0 0.01 0 0
0 0 0.02 0 0 0 0 0 0 0 0 0.01 0 0 0 0 0 0 0 0
0 0 0.02 0 0 0 0 0 0 0 0.01 0 0 0 0 0.01 0 0 0 0
0 0 0 0 0 0 0 0.01 0 0 0.01 0.01 0.01 0 0.01 0 0.01 0 0 0
0.01 0 0.01 0.01 0.01 0.01 0 0 0.01 0.02 0 0.01 0 0.03 0 0 0 0 0.02 0.01
0.03 0.02 0 0 0.01 0 0.02 0 0.01 0.01 0.02 0.01 0.01 0.03 0.02 0.01 0 0.02 0 0.01
0.01 0 0 0.02 0.02 0 0.01 0.01 0.01 0.01 0.02 0 0.01 0.01 0 0 0 0.01 0.01 0
0.03 0 0.01 0.04 0.01 0 0.03 0.01 0.01 0.02 0.01 0.03 0.02 0.03 0 0.03 0 0 0 0
0.01 0.01 0 0.02 0 0.02 0.04 0.02 0.01 0.01 0.01 0.01 0.01 0 0.02 0.03 0.02 0.01 0.01 0.03
0.03 0.01 0.02 0.01 0 0.02 0.01 0 0 0.02 0 0.01 0.02 0 0.02 0.02 0 0 0 0.01
0 0.01 0 0.02 0.02 0.01 0 0.03 0 0 0.04 0.01 0.02 0.02 0.06 0.02 0.02 0.03 0 0
0 0 0.01 0 0.02 0.04 0.02 0.01 0.06 0.01 0 0.01 0.02 0.01 0.02 0.02 0.02 0.04 0 0
0.01 0.01 0 0 0 0.01 0.01 0.03 0 0.02 0.02 0 0.02 0.02 0.02 0.01 0.04 0 0 0.01
# diet_w_dat cod_other
1 1 1 1 1 1 1 1 1 1 1 1 1 1 1 1 1 1 1 1
1 1 1 1 1 1 1 1 1 1 1 1 1 1 1 1 1 1 1 1
1 1 1 1 1 1 1 1 1 1 1 1 1 1 1 1 1 1 1 1
1 1 1 1 1 1 1 1 1 1 1 1 1 1 1 1 1 1 1 1
1 1 1 1 1 1 1 1 1 1 1 1 1 1 1 1 1 1 1 1
1 1 0.99 1 1 1 1 1 1 1 1 1 1 1 0.99 1 1 1 1 0.99
0.98 1 1 1 0.99 1 1 1 1 1 1 1 1 1 1 0.99 1 1 1 0.98
0.99 0.97 1 1 0.99 0.98 0.99 0.97 1 1 0.99 0.99 1 0.99 1 0.98 1 1 1 0.97
1 0.9 0.99 1 0.99 0.9 0.95 0.96 0.99 0.92 0.96 0.99 0.94 0.97 0.99 0.92 0.93 0.88 1 0.93
0.97 0.89 0.77 1 0.89 0.88 0.9 0.9 0.96 0.84 0.89 0.91 0.85 0.97 0.92 0.93 0.76 0.86 0.96 0.91
0.85 0.91 0.67 0.98 0.86 0.9 0.89 0.91 0.76 0.85 0.84 0.86 0.81 0.98 0.85 0.88 0.69 0.81 0.9 0.91
0.8 0.92 0.7 0.78 0.88 0.86 0.87 0.88 0.71 0.77 0.91 0.91 0.8 0.93 0.86 0.8 0.54 0.71 0.86 0.84
0.84 0.75 0.77 0.78 0.81 0.76 0.79 0.73 0.73 0.81 0.75 0.78 0.86 0.88 0.87 0.81 0.63 0.67 0.83 0.73
0.78 0.66 0.6 0.77 0.55 0.63 0.65 0.55 0.78 0.71 0.63 0.77 0.79 0.75 0.88 0.81 0.66 0.73 0.6 0.7
0.73 0.64 0.48 0.56 0.5 0.43 0.67 0.55 0.5 0.68 0.51 0.58 0.56 0.57 0.65 0.79 0.58 0.5 0.29 0.52
0.56 0.52 0.5 0.5 0.51 0.49 0.51 0.37 0.4 0.55 0.54 0.38 0.54 0.59 0.44 0.67 0.51 0.43 0.33 0.3
0.59 0.62 0.49 0.47 0.49 0.38 0.48 0.35 0.39 0.45 0.49 0.54 0.5 0.56 0.49 0.58 0.56 0.5 0.42 0.38
0.59 0.44 0.4 0.48 0.54 0.5 0.43 0.29 0.44 0.42 0.35 0.52 0.46 0.56 0.57 0.61 0.48 0.41 0.31 0.36
0.6 0.46 0.43 0.41 0.51 0.42 0.36 0.37 0.42 0.4 0.44 0.44 0.43 0.53 0.64 0.57 0.56 0.44 0.28 0.32
0.52 0.53 0.5 0.51 0.45 0.51 0.44 0.35 0.42 0.29 0.41 0.46 0.4 0.45 0.56 0.55 0.5 0.43 0.31 0.37
0.6 0.45 0.45 0.33 0.42 0.44 0.48 0.32 0.4 0.38 0.49 0.5 0.39 0.49 0.52 0.54 0.52 0.41 0.27 0.37
0.57 0.39 0.46 0.48 0.43 0.46 0.44 0.44 0.41 0.37 0.4 0.39 0.46 0.47 0.5 0.56 0.52 0.39 0.35 0.3
0.52 0.5 0.42 0.4 0.45 0.41 0.4 0.41 0.42 0.4 0.4 0.45 0.5 0.47 0.54 0.56 0.49 0.44 0.34 0.32
0.58 0.5 0.53 0.52 0.49 0.54 0.44 0.4 0.42 0.39 0.4 0.52 0.36 0.43 0.44 0.62 0.56 0.4 0.33 0.35
# diet_l_dat NA
0 0 0 0 0 0 0 0 0 0 0 0 0 0 0 0
0 0 0 0 0 0 0 0 0 0 0 0 0 0 0 0
0 0 0 0 0 0 0 0 0 0 0 0 0 0 0 0
0 0 0 0 0 0 0 0 0 0 0 0 0 0 0 0
0 0 0 0 0 0 0 0 0 0 0 0 0 0 0 0
0.00375 0.9575 0.01 0.025 0.00375 0 0 0 0 0 0 0 0 0 0 0
0 0 0 0 0 0 0 0 0 0 0 0 0 0 0 0
0.00125 0.71 0.0425 0.2 0.02 0.0075 0.01625 0.0025 0 0 0 0 0 0 0 0
0 0.68125 0.05125 0.20875 0.0225 0.01375 0.0125 0.00125 0.00875 0 0 0 0 0 0 0
0.00125 0.8725 0.01 0.04875 0.0075 0.01625 0.01625 0.00875 0.01375 0.005 0 0 0 0 0 0
0 0.86875 0.01 0.05 0.00625 0.0175 0.01625 0.00875 0.015 0.00375 0.0025 0.00125 0 0 0 0
0 0.83375 0.01 0.0775 0.00625 0.00625 0.02125 0.0075 0.0175 0.01375 0.0025 0.0025 0.00125 0 0 0
0.0025 0.87375 0.0075 0.03 0.01 0.00875 0.01375 0.00625 0.0125 0.0175 0.01 0.005 0.0025 0 0 0
0.00375 0.9075 0.01 0.025 0.0025 0.00875 0.01125 0.005 0.0125 0.00875 0.00375 0.00125 0 0 0 0
0 0 0 0 0 0 0 0 0 0 0 0 0 0 0 0
0 0 0 0 0 0 0 0 0 0 0 0 0 0 0 0
# diet_l_dat NA
0 0 0 0 0 0 0 0 0 0 0 0 0
0 0 0 0 0 0 0 0 0 0 0 0 0
0 0 0 0 0 0 0 0 0 0 0 0 0
0 0 0 0 0 0 0 0 0 0 0 0 0
0 0 0 0 0 0 0 0 0 0 0 0 0
0 0 0 0 0 0 0 0 0 0 0 0 0
0 0 0 0 0 0 0 0 0 0 0 0 0
0 0 0 0 0 0 0 0 0 0 0 0 0
0 0 0 0 0 0 0 0 0 0 0 0 0
0 0 0 0 0 0 0 0 0 0 0 0 0
0.0166666666666667 0.353333333333333 0.01 0.0333333333333333 0.0633333333333333 0.16 0.14 0.1 0.0866666666666667 0.0366666666666667 0 0 0
0 0 0 0 0 0 0 0 0 0 0 0 0
0.00333333333333333 0.423333333333333 0.01 0.05 0.0733333333333333 0.0833333333333333 0.123333333333333 0.113333333333333 0.0733333333333333 0.04 0.00666666666666667 0 0
0.03 0.4 0.0166666666666667 0.0233333333333333 0.08 0.0966666666666667 0.146666666666667 0.0966666666666667 0.0866666666666667 0.0166666666666667 0.00666666666666667 0 0
0 0 0 0 0 0 0 0 0 0 0 0 0
0 0 0 0 0 0 0 0 0 0 0 0 0
# diet_l_dat NA
0 0 0 0 0 0 0 0 0 0 0 0 0 0 0 0 0 0 0 0 0 0 0 0
0 0 0 0 0 0 0 0 0 0 0 0 0 0 0 0 0 0 0 0 0 0 0 0
0 0 0 0 0 0 0 0 0 0 0 0 0 0 0 0 0 0 0 0 0 0 0 0
0 0 0 0 0 0 0 0 0 0 0 0 0 0 0 0 0 0 0 0 0 0 0 0
0 0 0 0 0 0 0 0 0 0 0 0 0 0 0 0 0 0 0 0 0 0 0 0
0 0 0 0 0 0 0 0 0 0 0 0 0 0 0 0 0 0 0 0 0 0 0 0
0 0 0 0 0 0 0 0 0 0 0 0 0 0 0 0 0 0 0 0 0 0 0 0
0 0 0 0 0 0 0 0 0 0 0 0 0 0 0 0 0 0 0 0 0 0 0 0
0 0 0 0 0 0 0 0 0 0 0 0 0 0 0 0 0 0 0 0 0 0 0 0
0 0 0 0 0 0 0 0 0 0 0 0 0 0 0 0 0 0 0 0 0 0 0 0
0 0 0 0 0 0 0 0 0 0 0 0 0 0 0 0 0 0 0 0 0 0 0 0
0.01 0.21 0.05 0.1 0.1 0.07 0.12 0.11 0.03 0.11 0.05 0.03 0 0.01 0 0 0 0 0 0 0 0 0 0
0 0 0 0 0 0 0 0 0 0 0 0 0 0 0 0 0 0 0 0 0 0 0 0
0 0 0 0 0 0 0 0 0 0 0 0 0 0 0 0 0 0 0 0 0 0 0 0
0 0 0 0 0 0 0 0 0 0 0 0 0 0 0 0 0 0 0 0 0 0 0 0
0 0 0 0 0 0 0 0 0 0 0 0 0 0 0 0 0 0 0 0 0 0 0 0
# diet_l_dat NA
0 0 0 0 0 0 0 0 0 0 0 0 0 0 0 0
0 0 0 0 0 0 0 0 0 0 0 0 0 0 0 0
0 0 0 0 0 0 0 0 0 0 0 0 0 0 0 0
0 0 0 0 0 0 0 0 0 0 0 0 0 0 0 0
0 0 0 0 0 0 0 0 0 0 0 0 0 0 0 0
0 0.993333333333333 0.00333333333333333 0.00333333333333333 0 0 0 0 0 0 0 0 0 0 0 0
0 0.99 0.00666666666666667 0 0.00333333333333333 0 0 0 0 0 0 0 0 0 0 0
0 0.986666666666667 0.00666666666666667 0.00333333333333333 0.00333333333333333 0 0 0 0 0 0 0 0 0 0 0
0 0.99 0 0.01 0 0 0 0 0 0 0 0 0 0 0 0
0 0 0 0 0 0 0 0 0 0 0 0 0 0 0 0
0 0 0 0 0 0 0 0 0 0 0 0 0 0 0 0
0 0 0 0 0 0 0 0 0 0 0 0 0 0 0 0
0 0 0 0 0 0 0 0 0 0 0 0 0 0 0 0
# diet_l_dat NA
0 0 0 0 0 0 0 0 0 0 0 0 0
0 0 0 0 0 0 0 0 0 0 0 0 0
0 0 0 0 0 0 0 0 0 0 0 0 0
0 0 0 0 0 0 0 0 0 0 0 0 0
0 0 0 0 0 0 0 0 0 0 0 0 0
0 0 0 0 0 0 0 0 0 0 0 0 0
0 0 0 0 0 0 0 0 0 0 0 0 0
0 0 0 0 0 0 0 0 0 0 0 0 0
0 0.74 0.01 0.02 0.11 0.08 0.03 0.01 0 0 0 0 0
0 0 0 0 0 0 0 0 0 0 0 0 0
0 0 0 0 0 0 0 0 0 0 0 0 0
0 0 0 0 0 0 0 0 0 0 0 0 0
0 0 0 0 0 0 0 0 0 0 0 0 0
# diet_l_dat NA
0 0 0 0 0 0 0 0 0 0 0 0 0 0 0 0 0 0 0 0 0 0 0 0
0 0 0 0 0 0 0 0 0 0 0 0 0 0 0 0 0 0 0 0 0 0 0 0
0 0 0 0 0 0 0 0 0 0 0 0 0 0 0 0 0 0 0 0 0 0 0 0
0 0 0 0 0 0 0 0 0 0 0 0 0 0 0 0 0 0 0 0 0 0 0 0
0 0 0 0 0 0 0 0 0 0 0 0 0 0 0 0 0 0 0 0 0 0 0 0
0 0 0 0 0 0 0 0 0 0 0 0 0 0 0 0 0 0 0 0 0 0 0 0
0 0 0 0 0 0 0 0 0 0 0 0 0 0 0 0 0 0 0 0 0 0 0 0
0.01 0.77 0.05 0.07 0.03 0.03 0.03 0.01 0 0 0 0 0 0 0 0 0 0 0 0 0 0 0 0
0 0 0 0 0 0 0 0 0 0 0 0 0 0 0 0 0 0 0 0 0 0 0 0
0 0 0 0 0 0 0 0 0 0 0 0 0 0 0 0 0 0 0 0 0 0 0 0
0 0 0 0 0 0 0 0 0 0 0 0 0 0 0 0 0 0 0 0 0 0 0 0
0 0 0 0 0 0 0 0 0 0 0 0 0 0 0 0 0 0 0 0 0 0 0 0
0 0 0 0 0 0 0 0 0 0 0 0 0 0 0 0 0 0 0 0 0 0 0 0
# diet_l_dat NA
0 0 0 0 0 0 0 0 0 0 0 0 0 0 0 0
0 0 0 0 0 0 0 0 0 0 0 0 0 0 0 0
0 0 0 0 0 0 0 0 0 0 0 0 0 0 0 0
0 0 0 0 0 0 0 0 0 0 0 0 0 0 0 0
0 0 0 0 0 0 0 0 0 0 0 0 0 0 0 0
0 0 0 0 0 0 0 0 0 0 0 0 0 0 0 0
0 0 0 0 0 0 0 0 0 0 0 0 0 0 0 0
0 0 0 0 0 0 0 0 0 0 0 0 0 0 0 0
0.000769230769230769 0.923846153846154 0.0123076923076923 0.0584615384615385 0.00461538461538462 0 0 0 0 0 0 0 0 0 0 0
0.00153846153846154 0.826923076923077 0.0292307692307692 0.126923076923077 0.0153846153846154 0 0 0 0 0 0 0 0 0 0 0
0 0 0 0 0 0 0 0 0 0 0 0 0 0 0 0
0.00153846153846154 0.488461538461538 0.0630769230769231 0.363846153846154 0.0392307692307692 0.0215384615384615 0.0184615384615385 0.00307692307692308 0.000769230769230769 0 0 0 0 0 0 0
0 0.584615384615385 0.0523076923076923 0.289230769230769 0.0261538461538462 0.0276923076923077 0.0161538461538462 0.00230769230769231 0 0.00153846153846154 0 0 0 0 0 0
0 0.203846153846154 0.0746153846153846 0.46 0.0576923076923077 0.09 0.0861538461538462 0.0176923076923077 0.00461538461538462 0.00538461538461538 0 0 0 0 0 0
0 0.177692307692308 0.0784615384615385 0.428461538461538 0.0538461538461538 0.106923076923077 0.120769230769231 0.0246153846153846 0.00461538461538462 0.00384615384615385 0 0.000769230769230769 0 0 0 0
0 0.122307692307692 0.0638461538461538 0.353846153846154 0.06 0.18 0.163076923076923 0.0361538461538462 0.0115384615384615 0.00846153846153846 0.000769230769230769 0 0 0 0 0
0.000769230769230769 0.0707692307692308 0.0707692307692308 0.341538461538462 0.0469230769230769 0.18 0.195384615384615 0.0469230769230769 0.0269230769230769 0.0184615384615385 0.000769230769230769 0.000769230769230769 0 0 0 0
0 0.08 0.0546153846153846 0.296923076923077 0.0538461538461538 0.183076923076923 0.219230769230769 0.0507692307692308 0.0376923076923077 0.0161538461538462 0.00615384615384615 0.00153846153846154 0 0 0 0
0 0.0484615384615385 0.05 0.3 0.0607692307692308 0.209230769230769 0.223076923076923 0.0546153846153846 0.0338461538461538 0.0115384615384615 0.00769230769230769 0.000769230769230769 0 0 0 0
0 0.0584615384615385 0.05 0.272307692307692 0.0530769230769231 0.220769230769231 0.216153846153846 0.0576923076923077 0.0384615384615385 0.0253846153846154 0.00769230769230769 0 0 0 0 0
0 0 0 0 0 0 0 0 0 0 0 0 0 0 0 0
0 0.0384615384615385 0.0538461538461538 0.328461538461538 0.0592307692307692 0.194615384615385 0.216923076923077 0.0576923076923077 0.0323076923076923 0.0169230769230769 0.000769230769230769 0.000769230769230769 0 0 0 0
0 0.0492307692307692 0.0584615384615385 0.294615384615385 0.0561538461538462 0.2 0.223846153846154 0.0523076923076923 0.0384615384615385 0.0207692307692308 0.00538461538461538 0.000769230769230769 0 0 0 0
0 0 0 0 0 0 0 0 0 0 0 0 0 0 0 0
# diet_l_dat NA
0 0 0 0 0 0 0 0 0 0 0 0 0
0 0 0 0 0 0 0 0 0 0 0 0 0
0 0 0 0 0 0 0 0 0 0 0 0 0
0 0 0 0 0 0 0 0 0 0 0 0 0
0 0 0 0 0 0 0 0 0 0 0 0 0
0 0 0 0 0 0 0 0 0 0 0 0 0
0 0 0 0 0 0 0 0 0 0 0 0 0
0 0 0 0 0 0 0 0 0 0 0 0 0
0.0233333333333333 0.65 0.0273333333333333 0.0486666666666667 0.129333333333333 0.0926666666666667 0.026 0.00266666666666667 0 0 0 0 0
0.022 0.578666666666667 0.0286666666666667 0.066 0.164 0.110666666666667 0.0266666666666667 0.00333333333333333 0 0 0 0 0
0.00533333333333333 0.273333333333333 0.018 0.108 0.320666666666667 0.210666666666667 0.062 0.002 0 0 0 0 0
0.00266666666666667 0.122666666666667 0.014 0.144 0.367333333333333 0.262 0.0826666666666667 0.004 0.000666666666666667 0 0 0 0
0.00333333333333333 0.064 0.0233333333333333 0.152 0.358666666666667 0.297333333333333 0.0946666666666667 0.006 0.000666666666666667 0 0 0 0
0 0.0253333333333333 0.0166666666666667 0.128666666666667 0.344666666666667 0.324666666666667 0.135333333333333 0.0193333333333333 0.00466666666666667 0.000666666666666667 0 0 0
0.000666666666666667 0.00866666666666667 0.0106666666666667 0.13 0.3 0.3 0.189333333333333 0.0453333333333333 0.012 0.00333333333333333 0 0 0
0 0.006 0.0126666666666667 0.113333333333333 0.281333333333333 0.314 0.2 0.0553333333333333 0.01 0.00533333333333333 0.002 0 0
0 0.002 0.00933333333333333 0.0653333333333333 0.161333333333333 0.298 0.326 0.0946666666666667 0.0326666666666667 0.0106666666666667 0 0 0
0 0.00333333333333333 0.008 0.0506666666666667 0.15 0.332 0.304666666666667 0.105333333333333 0.036 0.008 0.002 0 0
0 0.002 0.00533333333333333 0.048 0.124666666666667 0.285333333333333 0.355333333333333 0.136 0.034 0.00866666666666667 0.000666666666666667 0 0
0 0.00133333333333333 0.006 0.0606666666666667 0.142666666666667 0.300666666666667 0.314666666666667 0.122666666666667 0.0293333333333333 0.0213333333333333 0 0.000666666666666667 0
0 0.002 0.004 0.0553333333333333 0.134 0.287333333333333 0.348 0.115333333333333 0.0393333333333333 0.012 0.00266666666666667 0 0
0 0.004 0.00333333333333333 0.0313333333333333 0.0853333333333333 0.192666666666667 0.366 0.22 0.0766666666666667 0.02 0.000666666666666667 0 0
0 0.00133333333333333 0.014 0.118666666666667 0.323333333333333 0.308666666666667 0.162666666666667 0.0433333333333333 0.0206666666666667 0.00666666666666667 0.000666666666666667 0 0
0 0 0 0 0 0 0 0 0 0 0 0 0
# diet_l_dat NA
0 0 0 0 0 0 0 0 0 0 0 0 0 0 0 0 0 0 0 0 0 0 0 0
0 0 0 0 0 0 0 0 0 0 0 0 0 0 0 0 0 0 0 0 0 0 0 0
0 0 0 0 0 0 0 0 0 0 0 0 0 0 0 0 0 0 0 0 0 0 0 0
0 0 0 0 0 0 0 0 0 0 0 0 0 0 0 0 0 0 0 0 0 0 0 0
0 0 0 0 0 0 0 0 0 0 0 0 0 0 0 0 0 0 0 0 0 0 0 0
0 0 0 0 0 0 0 0 0 0 0 0 0 0 0 0 0 0 0 0 0 0 0 0
0 0 0 0 0 0 0 0 0 0 0 0 0 0 0 0 0 0 0 0 0 0 0 0
0 0 0 0 0 0 0 0 0 0 0 0 0 0 0 0 0 0 0 0 0 0 0 0
0.0125 0.31 0.075 0.325 0.235 0.0375 0 0.005 0 0 0 0 0 0 0 0 0 0 0 0 0 0 0 0
0.005 0.3475 0.0625 0.2925 0.2575 0.035 0 0 0 0 0 0 0 0 0 0 0 0 0 0 0 0 0 0
0.0075 0.24 0.1175 0.3175 0.275 0.0425 0 0 0 0 0 0 0 0 0 0 0 0 0 0 0 0 0 0
0 0 0 0 0 0 0 0 0 0 0 0 0 0 0 0 0 0 0 0 0 0 0 0
0 0.035 0.0975 0.385 0.2975 0.105 0.0325 0.035 0.0125 0 0 0 0 0 0 0 0 0 0 0 0 0 0 0
0 0 0 0 0 0 0 0 0 0 0 0 0 0 0 0 0 0 0 0 0 0 0 0
0 0 0 0 0 0 0 0 0 0 0 0 0 0 0 0 0 0 0 0 0 0 0 0
0 0.005 0.07 0.2125 0.245 0.1875 0.1525 0.085 0.03 0.01 0 0.0025 0 0 0 0 0 0 0 0 0 0 0 0
0 0 0 0 0 0 0 0 0 0 0 0 0 0 0 0 0 0 0 0 0 0 0 0
0 0.0025 0.065 0.2 0.24 0.2175 0.1825 0.0525 0.0375 0.0025 0 0 0 0 0 0 0 0 0 0 0 0 0 0
0 0 0 0 0 0 0 0 0 0 0 0 0 0 0 0 0 0 0 0 0 0 0 0
0 0 0 0 0 0 0 0 0 0 0 0 0 0 0 0 0 0 0 0 0 0 0 0
0 0 0 0 0 0 0 0 0 0 0 0 0 0 0 0 0 0 0 0 0 0 0 0
0 0 0 0 0 0 0 0 0 0 0 0 0 0 0 0 0 0 0 0 0 0 0 0
0 0 0 0 0 0 0 0 0 0 0 0 0 0 0 0 0 0 0 0 0 0 0 0
0 0 0 0 0 0 0 0 0 0 0 0 0 0 0 0 0 0 0 0 0 0 0 0
 # SrType
2
 # steepnessprior
0.7 0.8 1
 # cvsteepnessprior
0.2 300 300
 # phase_srec
-6
 # sigmarprior
0.5 0.6 0.5
 # cvsigmarprior
0.05 15 15
 # phase_sigmar
-5
 # styr_rec_est
1983 1979 1983
 # endyr_rec_est
2003 2003 2003
 # natmortprior
0.3 0.3 0.37
 # cvnatmortprior
0.1 0.05 0.1
 # natmortphase2
1 1 1
 # qprior
1.0 1.0 1.0
 # cvqprior
0.1 0.1 0.1
 # phase_q
-6 -4 -4
 # q_age_min
4 4 4
 # q_age_max
12 10 10
 # cv_catchbiomass
0.05 0.05 0.05
 # sd_ration
0.05 0.05 0.05
 # phase_M
6
 # phase_Rzero
1
 # phase_fmort
2
 # phase_fmort1
1
 # phase_LogRec
-9
 # phase_RecDev
2
 # phase_SelFshCoff
4
 # phase_SelSuvCoff
4
 # Phasepred1
1
 # PhasePred2
1
 # Phasepred3
8
 # fsh_sel_opt
1 1 1 1 1
 # nselages_in_fsh
12 10 10 10 10
 # phase_sel_fsh
2 2 2 2 2
 # curv_pen_fsh
0.2 0.4083 0.2 0.2 0.2
 # seldec_pen_fsh
200 1000 1000 1000 1000
# sel_change_in_fsh
0 0 0 0 0 0 0 0 0 0 0 0 0 0 0 0 0 0 0 0 0 0 0 0 0
0.7 0.7 0.7 0.7 0.7 0.7 0.7 0.7 0.7 0.7 0.7 0.7 0.7 0.7 0.7 0.7 0.7 0.7 0.7 0.7 0.7 0.7 0.7 0.7 0.7
0 0 0 0 0 0 0 0 0 0 0 0 0 0 0 0 0 0 0 0 0 0 0 0 0
0 0 0 0 0 0 0 0 0 0 0 0 0 0 0 0 0 0 0 0 0 0 0 0 0
0 0 0 0 0 0 0 0 0 0 0 0 0 0 0 0 0 0 0 0 0 0 0 0 0
 # srv_sel_opt
1 1 1
# sel_change_in_srv
0 0 0 0 0 0 0 0 0 0 0 0 0 0 0 0 0 0 0 0 0 0 0 0 0
0 0 0 0 0 0 0 0 0 0 0 0 0 0 0 0 0 0 0 0 0 0 0 0 0
0 0 0 0 0 0 0 0 0 0 0 0 0 0 0 0 0 0 0 0 0 0 0 0 0
 # phase_sel_srv
3 5 5
 # nselages_in_srv
10
 # curv_pen_srv
0.25
 # seldec_pen_srv
1000.1
 # nselages_in_srv
10
 # curv_pen_srv
0.25
 # seldec_pen_srv
1000.1
 # nselages_in_srv
10
 # curv_pen_srv
0.25
 # seldec_pen_srv
1000.1
# End of file
999
