# Number of parameters = 641 Objective function value = 255838.  Maximum gradient component = 1326.12
# MEst:
 0.390374 0.128785 0.0917335
# log_gam_a:
 0.000957494 0.933912 2.90035
# log_gam_b:
 0.212772 3.23113 -2.73633
# Q_other_est[1]:
 2.01099 9.81996 7.29739 6.60584 6.05729 5.78856 5.48143 5.27650 4.97907 4.94539 4.39032 3.82033 4.36839 4.70494 5.03810 3.85218
# Q_other_est[2]:
 5.05292 15.1968 15.2206 15.1342 15.0764 15.0178 14.9466 14.9103 14.8502 14.8067 14.8279 14.8540 14.8203 14.8123 14.8936 14.8649
# Q_other_est[3]:
 -3.16575 7.90951 7.70820 7.74200 7.42032 6.96741 7.09315 6.17141 5.53332 5.86566 5.86947 5.87061 5.51466
# logH_1:
 -7.82394 -9.10343 -10.2622 -4.30584 -6.88595 -7.33789 -7.39918 -13.1881 -8.60142 -7.08776 -7.52589 -6.32283
# logH_1a:
 -150.268 -113.748 -62.5438
# logH_1b:
 317.466 -26.9049 -54.7195
# logH_2:
 -5.08326 3.40543 15.2765 1.64336 -7.80728 5.84441 1.20854 -49.8800 -34.8188
# logH_3:
 -9.00000 -9.00000 -9.00000 -9.00000 -9.00000 -9.00000 -9.00000 -9.00000 -9.00000
# H_4:
 1.00000 1.00000 1.00000 1.00000 1.00000 1.00000 1.00000 1.00000 1.00000
# steepness:
 0.700000 0.800000 1.00000
# log_Rzero:
 12.8017 8.39301 4.61178
# rec_dev:
 0.794917 -0.197756 -0.957089 -0.439804 -0.824380 0.421447 -0.198184 -0.0650451 -0.797383 -0.853037 -0.416064 -0.0371988 -0.0822738 -0.223223 -0.0202015 -0.144830 -0.221334 -0.778536 -0.724853 -0.184462 0.412175 0.361691 -0.536511 -0.748616 -0.781314 -0.390359 -0.427839 -0.424490 -0.406563 -0.447450 -0.716585 -0.757419 -0.889792 -1.59817 -1.72301 -1.19630 -0.0524195 -0.380869 0.816967 -1.00863 0.656925 -0.131241 -0.213759 -0.301327 -0.283567 -0.476143 -0.261025 -0.861876 -0.741644 -0.981344 -0.746352 -0.553819 -0.582572 -0.134584 -0.558849 -0.402539 -0.695342 -0.411619 -0.925687 -0.502478 0.0384143 -0.0321687 -0.407696 -0.603098 -0.232123 -0.362818 -0.268639 -0.0282530 0.376460 -0.0687121 -0.330513 0.0114427 -1.27681 -1.30986 -0.763003 0.545936 0.392558 -0.883240 -0.792957 -0.610172 -0.592532 -0.617703 -0.369260 -0.195331 -0.682663 -0.00622069 -0.542198 -1.05927 -0.877350 -0.820026 -0.261145 0.331536 -0.560993 -0.0937068 -0.618896 -0.778783 -0.147224 -0.214796 -0.297933 -0.196422 -0.0492799 -0.511562 0.0593281 0.108816 -0.240697 -0.00947251 0.201891 -0.0345913 0.0702299 -0.230135 -0.274530 -0.606261 -0.260815 0.164627 0.0492352 -0.175791 -1.16595
# log_sigmar:
 -0.693147 -0.510826 -0.693147
# log_selcoffs_fsh:
 -9.77580 -7.56036 -5.35186 -3.23751 -1.88900 -0.669547 0.257552 0.589530 0.573951 0.559850 0.733426 0.951495 -8.32287 -5.65159 -3.65585 -2.44040 -1.00746 -0.295425 0.187238 0.634321 0.956112 1.11938 -8.37822 -6.00118 -4.02099 -2.53549 -1.25271 -0.818989 -0.215347 0.504905 1.06986 1.33363 -8.30407 -6.01427 -4.10365 -2.40197 -1.46045 -1.07796 -0.625878 0.477543 1.14320 1.39443 -8.37949 -6.36912 -4.43027 -2.62207 -1.65912 0.137581 0.828561 0.521306 0.823005 0.846737 -8.24744 -6.10104 -3.94193 -1.84814 -0.781838 0.100725 0.446820 0.981664 0.804913 0.574019 -7.58190 -5.29016 -3.45353 -1.89211 -0.890185 0.256376 0.805172 0.679937 0.651469 0.693911 -6.92320 -4.91511 -2.97586 -0.546439 -0.158704 -0.123492 0.383968 0.647141 0.791305 0.714527 -7.80714 -5.58367 -3.28551 -1.81084 -0.422793 -0.154754 0.382786 0.579615 1.17891 0.582107 -6.55259 -4.95647 -2.89407 -1.42328 -0.321298 0.259321 0.496461 0.467389 0.326900 1.10871 -8.26144 -6.24707 -4.20418 -2.42467 -0.861326 -0.124171 0.266764 0.746208 0.940782 0.961502 -7.92745 -5.85668 -3.90070 -2.22929 -0.886007 -0.128370 -0.0626359 0.406588 0.951538 1.26956 -8.12593 -5.79490 -3.48319 -1.87328 -0.901823 -0.607166 -0.501142 0.307980 1.18203 1.28664 -7.58415 -5.33382 -3.52577 -1.97906 -0.865356 -0.160645 0.00840456 -0.140463 1.10031 1.30421 -7.44741 -5.63310 -3.93639 -2.43990 -1.12007 0.0884728 0.613524 0.731997 0.804075 0.835016 -7.57546 -5.73731 -3.99041 -2.49066 -1.35142 -0.327068 0.903172 1.04672 0.711242 0.442643 -7.64353 -5.71701 -3.68289 -1.31098 -0.483998 0.0611065 0.431293 0.678814 0.935311 0.675184 -7.11309 -4.87653 -2.97842 -1.08535 0.126677 0.235721 0.264687 0.426934 0.743243 0.817302 -6.52939 -4.65473 -2.96898 -1.34557 -0.324188 0.274779 0.573032 0.558639 0.568609 0.863108 -5.82499 -3.84978 -2.00634 -0.759100 -0.352988 -0.0773374 -0.0164012 0.340991 0.642386 1.24094 -5.89550 -4.45166 -2.88065 -1.23508 0.0671996 0.179538 0.235156 0.560731 0.460274 1.00491 -6.63731 -4.04368 -1.88987 -0.321727 0.150459 0.562780 0.551256 0.296215 0.440374 0.438009 -7.23742 -5.12417 -3.09936 -1.37684 0.221953 0.562980 0.679174 0.358138 0.410203 0.575206 -6.06356 -5.05792 -3.66975 -1.84544 -0.523249 0.634874 0.605937 0.562268 0.830292 0.382006 -5.86530 -5.01848 -3.89953 -2.34024 -0.847723 0.396499 0.907932 1.00311 0.530118 0.0471788 -5.69070 -4.59350 -3.46531 -2.32692 -1.25319 -0.189585 0.605926 0.960710 0.880922 0.629646 -4.59486 -3.25024 -2.29039 -1.47027 -0.589545 0.144060 0.536802 0.838714 0.829075 0.489470 -5.96378 -4.41334 -3.02702 -1.79703 -0.624943 0.189876 0.490158 1.05569 0.897314 0.0592887 -5.11382 -3.57946 -2.15667 -1.31773 -0.381277 0.472354 0.784926 0.842594 0.685874 -0.229366
# log_q_srv[1]:
0.00000000000
# log_q_srv[2]:
0.00000000000
# log_q_srv[3]:
0.00000000000
# log_selcoffs_srv:
 -11.9228422522 -8.24592953441 -4.83594649501 -1.80613578334 -0.450432708909 -0.298746722777 -0.412782173772 -0.541032139768 0.596651476414 1.68456152133 -6.96282987160 -4.40876461546 -1.35593599360 0.0164957061546 0.266488320412 0.268648975457 0.388386818324 0.415960741825 0.539560609220 0.337721623787 -3.90820588559 -1.65240460101 -0.222476563187 0.318038843325 0.725856204641 0.662265949818 0.522284963389 0.235927279120 -0.754419144390 -1.62896702675
# fmort_dev_est:
 -1.66390413096 0.123187972798 0.259826020972 0.538643344367 0.644512294558 -0.247078866193 -2.19099773443 -2.41439076821 -1.02776467588 -2.58172631375 0.517633157144 -2.43515386674 0.558862446321 1.26744848165 0.376217393405 2.66668576113 2.18476002681 2.69326481469 3.30520792129 -0.149664838177 0.131243973480 -0.504887223917 -1.05281605222 -0.999535356534 1.12998380459 1.23986767663 0.895466894047 -0.616725785550 -1.56089492778 -0.371573299708 0.0101913744807 0.316752708774 0.509778229267 0.351691631283 -0.0227245969807 0.0805372318611 -0.257755306810 -0.510206914534 -0.530507732526 -0.425047396457 -0.196485763740 0.227921880780 0.339337574368 0.0841403005242 -0.264069423300 -0.250392275707 0.191701683802 -0.297236193582 -0.0366834752634 -0.958711073559 -0.794496504622 -0.801680497996 -1.00083194746 -1.24702004262 -1.10817354050 -0.346159949999 -1.28119196923 -1.39174162512 -0.954133272920 -1.64502585935 -0.113748930549 0.192823496931 0.0926864329413 -0.136831819014 0.660689720822 0.551591410597 0.865752048812 0.779721562388 1.40358835938 1.39561978870 2.60854596786 3.21824834056 -5.98542287299 -1.25875782370 -2.31003746978 -2.65908493103 -3.77567642619 2.30514464349 3.14868265234 -0.433788763393 1.60156467504 3.21959729010 1.18280665600 1.06886187934 3.36237052101 3.32041304285 1.96497995159 -1.86653633593 -2.88229674000 -2.07080263869 -1.39766708604 -1.73406508237 -1.20265479805 -1.28550096384 -7.92813913281 -4.53110476589 -2.71370392660 -1.92073041485 -1.25479105070 0.380345109666 2.38431198814 2.27198516520 1.46962585026 1.17316461509 1.48908450847 1.73524399423 2.47726525445 2.01094450883 3.19300826357 3.49794238284 2.14434047106 1.81076792864
# log_avg_fmort:
 -3.40862235587 -0.924446775708 -3.19910039473 -7.08278331931 -4.99618915448
# dummy:
0.00000000000
# dummy2:
0.00000000000
