# Number of parameters = 641 Objective function value = 25806.5  Maximum gradient component = 18659.7
# MEst:
 0.338614 0.0786078 0.0961722
# log_gam_a:
 0.000414697 0.890484 2.88343
# log_gam_b:
 0.344090 4.66646 -2.71306
# Q_other_est[1]:
 3.70027 9.23488 7.10957 6.29913 5.73654 5.29314 4.97377 4.62680 4.38786 4.17997 3.78464 3.72021 3.44325 3.48814 3.25074 3.12787
# Q_other_est[2]:
 12.0852 15.2961 15.2559 15.2347 15.1889 15.1084 15.0607 15.0043 14.9438 14.8899 14.8362 14.8113 14.8118 14.7022 14.7486 14.0226
# Q_other_est[3]:
 8.48906 14.1175 13.9271 13.8008 13.6169 13.1827 13.3013 12.4670 12.0272 12.0978 12.0538 12.2833 11.8131
# logH_1:
 -7.47980 -8.73805 -9.19218 -3.37703 -6.79256 -7.26938 -7.84328 -13.2607 -8.19663 -6.88952 -7.30099 -12.5420
# logH_1a:
 -193.486 -115.070 -15.6828
# logH_1b:
 384.779 -53.8057 244.047
# logH_2:
 -13.6027 3.42666 2.80050 3.21523 -37.4883 21.0183 0.853242 -18.2473 15.6308
# logH_3:
 -9.00000 -9.00000 -9.00000 -9.00000 -9.00000 -9.00000 -9.00000 -9.00000 -9.00000
# H_4:
 1.00000 1.00000 1.00000 1.00000 1.00000 1.00000 1.00000 1.00000 1.00000
# steepness:
 0.700000 0.800000 1.00000
# log_Rzero:
 12.2357 8.03115 3.73369
# rec_dev:
 0.146130 -0.108898 0.0959429 -0.405251 -0.645886 0.220259 -0.0907913 -0.519219 0.0266746 -0.167444 -0.338477 -0.0737205 -0.0255787 -0.284680 0.172596 -0.0196356 -0.261346 -0.520197 -0.624057 -0.278351 0.119682 0.206292 -0.396717 -0.618147 -0.683060 -0.331906 -0.338867 -0.300683 -0.229249 -0.199012 -0.414949 -0.530253 -0.645275 -1.14797 -1.15547 -0.899583 -0.0513862 -0.279264 0.646145 -0.558605 0.0705180 -0.252401 0.119754 0.119989 -0.138735 -0.256699 0.142075 -0.760513 -0.865162 0.235549 -0.592737 -0.351700 -0.320135 -0.150610 -0.384731 -0.390784 -0.566933 -0.508919 -0.953118 -0.662833 -0.0713406 -0.174595 -0.427099 -0.596923 -0.156791 -0.309031 -0.163046 0.0182252 0.509048 0.0904225 -0.271547 0.129009 -1.22509 -1.15482 -0.676804 0.507140 0.389471 -0.440097 -0.526590 -0.191001 -0.207849 -0.351125 -0.280537 -0.241322 0.348078 0.704059 0.0563554 -0.533023 -0.506046 -0.434207 0.371260 -0.260997 -0.440857 -0.102939 -0.577524 -0.900907 0.0585366 0.149388 -0.285074 -0.0697633 0.102318 -0.904588 0.124635 0.155972 -0.304720 -0.0224754 0.177689 0.0448540 0.173822 -0.259647 -0.287804 -0.702451 -0.183901 -0.214266 -0.122720 -0.681902 -0.374109
# log_sigmar:
 -0.693147 -0.510826 -0.693147
# log_selcoffs_fsh:
 -9.87252 -7.66279 -5.52863 -3.52380 -1.70805 -0.430976 0.286320 0.563602 0.598727 0.567148 0.730584 0.869461 -6.11158 -4.70807 -3.16968 -1.72035 -0.400102 0.0866471 0.422925 0.677803 0.809214 0.816805 -6.20947 -4.71687 -3.18540 -1.73985 -0.715975 -0.0304913 0.310408 0.697639 0.916199 0.892052 -6.08608 -4.75553 -3.40709 -2.05643 -0.939041 -0.182844 0.485824 0.864140 0.872597 0.792104 -6.20566 -4.74366 -3.29547 -1.86781 -0.626812 0.404028 0.578519 0.604126 0.718799 0.742751 -6.20136 -4.53912 -2.98282 -1.61366 -0.564041 0.269417 0.572471 0.746494 0.706468 0.669278 -6.32408 -4.44481 -2.73305 -1.36153 -0.364247 0.157079 0.638152 0.801022 0.657818 0.557573 -6.48686 -4.40974 -2.39274 -0.709462 0.0431126 0.417056 0.447223 0.485821 0.575601 0.626999 -6.63761 -4.70009 -2.87500 -1.31316 -0.269050 0.404355 0.678553 0.698876 0.581099 0.488826 -6.64908 -4.83033 -3.04919 -1.48222 -0.433467 0.119487 0.514487 0.778915 0.747317 0.685862 -6.47244 -4.78679 -3.11214 -1.56135 -0.333640 0.210902 0.421997 0.617520 0.741328 0.832904 -6.30882 -4.65325 -3.06543 -1.66218 -0.571067 0.149499 0.512158 0.679425 0.763968 0.803970 -6.33374 -4.65545 -3.03020 -1.46733 -0.287371 0.370123 0.443470 0.545122 0.704317 0.793483 -6.21524 -4.55635 -2.90988 -1.33901 -0.211152 0.416565 0.397251 0.459429 0.685570 0.829734 -5.82874 -4.33106 -2.90958 -1.67812 -0.721919 -0.00588000 0.462650 0.693099 0.822460 0.874986 -5.67966 -4.23690 -2.86173 -1.67073 -0.765361 -0.148979 0.347466 0.765274 0.879406 0.891677 -5.70778 -4.27196 -2.82495 -1.44186 -0.430693 0.124338 0.434665 0.564050 0.715162 0.941345 -5.87521 -4.30862 -2.71513 -1.16422 -0.112134 0.240007 0.251606 0.440775 0.748638 0.909267 -6.03358 -4.49216 -2.95910 -1.55530 -0.376230 0.247890 0.513594 0.678332 0.704171 0.739177 -6.00723 -4.36471 -2.80616 -1.46652 -0.488359 0.141241 0.463874 0.646393 0.789626 0.802418 -6.24199 -4.41066 -2.66928 -1.19507 -0.142246 0.312572 0.269162 0.536768 0.711147 0.843589 -6.57894 -4.58255 -2.64782 -0.945095 0.180679 0.401959 0.283908 0.419308 0.593675 0.775549 -6.59598 -4.71408 -2.94324 -1.42780 -0.378865 0.306221 0.572120 0.670476 0.641529 0.710406 -6.42477 -4.76334 -3.13416 -1.62501 -0.547326 0.133531 0.467730 0.692841 0.724001 0.863465 -6.18057 -4.75667 -3.42052 -2.25528 -1.08329 -0.298923 0.321577 0.749653 0.920864 1.01580 -6.01723 -4.69161 -3.41135 -2.23289 -1.20446 -0.367053 0.263744 0.706897 0.966013 1.06528 -4.44080 -3.39271 -2.37943 -1.47470 -0.614574 0.184666 0.590684 0.730190 0.706376 0.685757 -4.59539 -3.39547 -2.31907 -1.40024 -0.611690 0.0918084 0.628594 0.870744 0.731820 0.493303 -4.83945 -3.51834 -2.26930 -1.14105 -0.261192 0.391162 0.830919 0.784864 0.484683 0.157152
# log_q_srv[1]:
0.00000000000
# log_q_srv[2]:
0.00000000000
# log_q_srv[3]:
0.00000000000
# log_selcoffs_srv:
 -10.5958432223 -7.48983882269 -4.68591469113 -2.47003484821 -1.17806156240 -0.605328671155 -0.336358900183 0.0663724515378 0.809492563783 1.61355710760 -5.66879200879 -3.37727568745 -1.20167114128 0.0798910744611 0.357366494444 0.354858438223 0.412489621300 0.513972616664 0.362253696129 0.101803157104 -2.62958421324 -1.32659271751 -0.245267542215 0.434168754906 0.776964564728 0.678347223194 0.287071330426 0.0431153722809 -0.607709124779 -1.31543898777
# fmort_dev_est:
 -0.838015225544 1.02366785898 1.16114166792 1.15152290154 1.06662936812 0.0134805217058 -1.99575242645 -2.29006498578 -0.949642670871 -2.54718990802 0.525836877862 -2.47064912946 0.473377197289 1.14538310357 0.232922062946 2.53405984695 2.05156377859 2.42333583359 2.67172050201 -0.844067201831 -0.527518203601 -1.03421066985 -1.51780508978 -1.45449751892 0.636949686184 0.444532467161 0.0386540802371 -0.727626419971 -1.44618344338 -0.410821556466 -0.0457940140631 0.0504455156904 0.370064776300 -0.0104705435518 -0.484341185649 -0.698264514157 -0.715136338777 -0.137063955014 0.117725538876 0.0904278788157 0.279221342497 0.572729560859 0.371862496883 0.291162128691 0.0703707850645 0.00287606249433 0.538117299662 0.424006519840 0.375717885924 -1.16938694497 -1.04635740698 -1.02406748051 -1.16086803634 -1.26995607065 -1.06650394538 -0.348498550960 -1.24358765076 -1.41126435534 -0.906459808981 -1.59705726182 -0.0605370012513 0.272300578400 0.196479752723 -0.0616813987906 0.737621274252 0.655504862647 0.988127167677 0.928376765098 1.34630552366 1.40596178856 2.47110833722 3.36763453309 -5.86355953036 -1.31976138187 -2.32768362547 -2.78980175583 -3.81320033641 2.30423933513 3.10675113477 -0.414819517194 1.58980079950 3.18260155576 1.22256547947 1.11238364065 3.44149378050 3.41712200293 1.97090152279 -1.91491219128 -2.90599678934 -2.26818611627 -1.68860075226 -1.91071420936 -1.24604364701 -1.11666972618 -7.70032452149 -4.54682425334 -2.67499511216 -1.99446783030 -1.27833523443 0.412260859351 2.45609985564 2.32666999282 1.53752829169 1.22875963096 1.48347374230 1.82090361538 2.63540840833 2.17674409239 3.03559649036 3.41246458750 2.07350779940 1.82615063084
# log_avg_fmort:
 -3.30585685994 -1.04046983595 -3.18381874143 -7.11091721288 -5.06775788587
# dummy:
0.00000000000
# dummy2:
0.00000000000
