# Number of parameters = 641 Objective function value = 351.578  Maximum gradient component = 259566.
# MEst:
 0.322274 0.0915912 0.108012
# log_gam_a:
 0.138731 0.922597 2.84869
# log_gam_b:
 0.143922 1.36699 -2.67501
# Q_other_est[1]:
 6.02155 8.80841 8.18154 7.95145 7.84409 7.70257 7.59694 7.48781 7.39362 7.36613 7.35833 7.36765 7.35868 7.32594 7.31074 7.29754
# Q_other_est[2]:
 11.9083 13.5482 13.5213 13.5231 13.5070 13.4686 13.4311 13.3699 13.3031 13.2699 13.2768 13.2733 13.2814 13.2970 13.3178 13.3431
# Q_other_est[3]:
 7.12774 12.5222 12.3254 12.1899 11.9115 11.6405 11.4246 11.2767 11.1116 10.9817 10.8472 10.9711 10.8241
# logH_1:
 -7.34034 -8.33762 -8.13509 -6.62233 -7.03005 -8.26055 -8.58752 -11.5656 -7.37776 -6.59037 -7.37562 -10.9580
# logH_1a:
 -20.7051 14.3739 -5.78008
# logH_1b:
 -6.10704 -17.4195 -14.8186
# logH_2:
 -2.57441 -27.4856 1.51451 0.761982 0.747412 -13.1660 -12.9358 -2.42117 -2.66806
# logH_3:
 -9.00000 -9.00000 -9.00000 -9.00000 -9.00000 -9.00000 -9.00000 -9.00000 -9.00000
# H_4:
 1.00000 1.00000 1.00000 1.00000 1.00000 1.00000 1.00000 1.00000 1.00000
# steepness:
 0.700000 0.800000 1.00000
# log_Rzero:
 11.3934 7.54009 4.26327
# rec_dev:
 -0.272558 0.146286 -0.249765 0.0314623 -0.151633 -0.189912 -0.191845 0.0992614 -0.183552 -0.0419393 -0.218159 -0.318342 -0.258202 -0.265463 -0.194322 0.176689 -0.190338 -0.204788 -0.0926018 -0.221701 -0.207199 -0.166642 -0.300417 -0.565183 -0.501916 -0.304928 -0.411377 -0.219881 -0.251924 -0.264992 -0.333321 0.0444588 -0.232225 -0.539790 -0.643179 -0.525439 -0.233486 -0.450437 -0.119887 -0.314844 -0.423251 -0.308114 -0.286658 -0.327228 -0.242855 -0.366418 -0.323756 -0.473752 -0.289847 -0.495591 -0.0710341 -0.465660 -0.315040 0.125365 -0.403698 -0.236574 -0.258761 -0.482678 -0.569361 -0.413165 -0.0622924 -0.346246 -0.385042 -0.0355286 0.101633 -0.0994515 -0.138370 -0.233046 0.0800544 -0.0311091 -0.385366 -0.517953 -0.638813 -0.314574 0.259108 -0.0551115 -0.141219 -0.313930 -0.217820 -0.287630 -0.295372 -0.189472 -0.381932 -0.217519 -0.289348 -0.210410 -0.379139 -0.166603 -0.137029 -0.150236 0.0787651 -0.250010 -0.416101 -0.196485 -0.384755 -0.254648 0.0682322 0.0425339 -0.0773443 0.0643207 0.0818810 -0.199039 -0.282243 -0.278450 -0.481254 -0.0738791 0.164017 -0.0367130 -0.215119 -0.476894 -0.352674 -0.125802 -0.0929720 -0.222266 -0.245306 -0.249715 -0.221909
# log_sigmar:
 -0.693147 -0.510826 -0.693147
# log_selcoffs_fsh:
 0.898640 0.441175 0.0179942 -0.333629 -0.575349 -0.687633 -0.668564 -0.534287 -0.317946 -0.0748589 0.134667 0.255704 -3.41979 -2.69495 -1.98314 -1.30524 -0.684240 -0.148919 0.281299 0.614796 0.845197 0.964971 -3.42172 -2.70507 -1.99737 -1.32189 -0.705335 -0.166366 0.278563 0.615776 0.850262 0.971852 -3.43920 -2.72630 -2.02414 -1.34656 -0.719440 -0.173557 0.273378 0.619567 0.854290 0.977031 -3.45332 -2.74305 -2.04081 -1.36327 -0.730425 -0.176416 0.270628 0.613227 0.858306 0.989206 -3.48002 -2.76587 -2.06343 -1.38624 -0.756950 -0.197704 0.264326 0.618130 0.863590 0.995727 -3.50098 -2.78496 -2.08004 -1.40520 -0.782382 -0.229214 0.241162 0.609171 0.874460 1.01841 -3.51630 -2.80616 -2.10453 -1.42707 -0.802742 -0.250005 0.219685 0.608598 0.884040 1.03511 -3.52227 -2.82155 -2.12775 -1.45365 -0.827286 -0.267640 0.216717 0.607224 0.889850 1.04333 -3.51307 -2.81025 -2.11948 -1.45310 -0.831285 -0.271654 0.210304 0.604805 0.893281 1.04998 -3.49582 -2.79035 -2.09457 -1.42601 -0.809192 -0.266115 0.205973 0.597462 0.889136 1.05099 -3.45750 -2.76014 -2.07284 -1.41250 -0.801739 -0.259304 0.212199 0.599913 0.883360 1.03893 -3.44841 -2.75041 -2.05898 -1.38794 -0.764249 -0.222526 0.226619 0.597254 0.874445 1.02865 -3.43295 -2.74331 -2.05932 -1.39244 -0.765893 -0.206154 0.253084 0.611235 0.865717 1.00590 -3.39971 -2.72471 -2.05461 -1.39738 -0.770732 -0.206444 0.267615 0.624766 0.867319 0.990650 -3.38770 -2.71042 -2.03826 -1.38138 -0.756517 -0.193434 0.273219 0.634548 0.862248 0.976926 -3.38645 -2.70462 -2.02398 -1.35744 -0.730598 -0.172134 0.281790 0.621189 0.853051 0.974886 -3.38498 -2.69421 -2.00735 -1.33133 -0.698959 -0.154548 0.292692 0.622930 0.845310 0.959154 -3.40337 -2.69025 -1.98845 -1.31689 -0.691007 -0.144367 0.297976 0.636015 0.844813 0.942591 -3.42998 -2.69352 -1.97220 -1.29003 -0.681014 -0.157353 0.284911 0.622761 0.845509 0.960378 -3.51882 -2.74573 -1.99541 -1.29231 -0.661552 -0.136874 0.282387 0.612840 0.841635 0.961419 -3.52819 -2.77456 -2.01713 -1.28944 -0.634528 -0.105338 0.290795 0.594422 0.831161 0.964560 -3.48850 -2.76244 -2.04296 -1.33565 -0.687029 -0.129359 0.304378 0.625727 0.842535 0.951103 -3.42439 -2.70281 -1.99148 -1.31381 -0.692908 -0.153401 0.294234 0.622890 0.842386 0.958050 -3.36833 -2.65811 -1.96056 -1.29604 -0.695758 -0.168313 0.274029 0.616660 0.848676 0.968632 -3.32980 -2.63622 -1.95379 -1.30200 -0.702894 -0.173460 0.270781 0.616186 0.850875 0.971637 -3.67861 -2.84093 -2.01524 -1.22909 -0.523915 0.0344530 0.407580 0.636425 0.772277 0.836060 -4.23117 -3.44045 -2.65539 -1.88748 -1.15278 -0.477206 0.116034 0.606251 0.967261 1.16395 -4.24249 -3.38387 -2.53409 -1.70877 -0.936958 -0.260741 0.276398 0.657940 0.905828 1.03120
# log_q_srv[1]:
0.00000000000
# log_q_srv[2]:
0.00000000000
# log_q_srv[3]:
0.00000000000
# log_selcoffs_srv:
 -7.96125674425 -6.57174368262 -5.20589990469 -3.88681174962 -2.64130611973 -1.48883730985 -0.453234251103 0.447039977664 1.13157924400 1.47711728072 -2.91299502478 -1.96203826096 -1.04115142647 -0.236393851031 0.282889070271 0.376625958633 0.332313660632 0.363996845921 0.404830300089 0.438353297083 -2.45984730814 -1.91814608368 -1.38830909804 -0.867064811828 -0.321534475370 0.249260097745 0.687630180384 0.741056236816 0.539752211894 0.243844772522
# fmort_dev_est:
 -0.744276162104 1.02984793847 1.37735752008 0.454708609756 0.703568923048 -0.565443177506 -2.74521345103 -2.36391303407 -0.967926887423 -2.43739442814 0.795033251509 -2.17669237010 0.728908484623 1.48207614685 0.287008283935 2.80501722952 2.30898582272 2.81781027094 2.96437646640 -0.707309504888 -0.312181679609 -0.844924404672 -1.64114520178 -2.19848656114 -0.329686362469 -0.428995086655 -0.531440657448 -0.589985540536 -1.10103924937 0.172317142061 0.519227008576 0.613594630763 0.586292403730 0.0764070352906 -0.426373855113 -0.514225881918 -0.595514723234 -0.138312332644 0.0568390788614 0.0918436270580 0.310954509572 0.770673339420 0.542764369603 0.471357973194 0.454520807022 0.246414878238 0.401234776552 -0.125078608495 -0.115812359340 -1.17372012817 -0.999845901175 -0.922547389164 -0.975518491187 -1.08077353820 -0.856771339287 -0.104586334366 -0.980521339437 -1.20373309355 -0.790456481985 -1.60473124333 -0.0941117008533 0.266628231181 0.178430057358 -0.123467475862 0.684110651724 0.636393154204 0.929037807685 0.810844938270 1.20198883584 1.34423646788 2.26338424169 2.54841906283 -5.92603329412 -1.31009256491 -2.24747256350 -2.71581139849 -3.76189830959 2.25229923771 3.00398772308 -0.448691401497 1.47491854149 3.09007645271 1.22148316462 1.13413606025 3.49213028377 3.49135212120 2.16897918731 -1.68957582107 -3.21871806482 -2.52218358628 -1.83266485987 -1.93880265542 -1.19455138341 -1.11946673234 -7.74449002029 -4.52273437143 -2.57412708351 -1.87894575517 -1.19253898456 0.373032378227 2.36950394541 2.29810800000 1.51435161068 1.15747781161 1.43730981058 1.83658972733 2.67004350028 2.25233303094 3.15045286500 3.66328818276 2.28852962586 1.54092616219
# log_avg_fmort:
 -3.37023330998 -1.22220835536 -2.32530279249 -6.25482258370 -4.37303971095
# dummy:
0.00000000000
# dummy2:
0.00000000000
